1 2424 56 272
1 2632 56 208
1 1104 56 2208
1 2512 56 480
1 3872 56 2048
1 6064 56 2208
1 256 56 512
1 1664 56 128
1 1968 56 160
1 3664 56 96
1 4872 56 1488
1 1104 56 2208
1 2512 56 480
1 3872 56 2048
1 6064 56 2208
1 1104 56 2208
1 2512 56 480
1 3872 56 2048
1 6064 56 2208
1 256 56 512
1 1664 56 128
1 1968 56 160
1 3664 56 96
1 4872 56 1488
1 1104 56 2208
1 2512 56 480
1 3872 56 2048
1 6064 56 2208
1 1104 56 2208
1 2512 56 480
1 3872 56 2048
1 6064 56 2208
1 256 56 512
1 1664 56 128
1 1968 56 160
1 3664 56 96
1 4872 56 1488
1 1104 56 2208
1 2512 56 480
1 3872 56 2048
1 6064 56 2208
1 1104 56 2208
1 2512 56 480
1 3872 56 2048
1 6064 56 2208
1 256 56 512
1 1664 56 128
1 1968 56 160
1 3664 56 96
1 4872 56 1488
1 1104 56 2208
1 2512 56 480
1 3872 56 2048
1 6064 56 2208
1 1104 56 2208
1 2512 56 480
1 3872 56 2048
1 6064 56 2208
1 256 56 512
1 1664 56 128
1 1968 56 160
1 3664 56 96
1 4872 56 1488
1 1104 56 2208
1 2512 56 480
1 3872 56 2048
1 6064 56 2208
1 1104 56 2208
1 2512 56 480
1 3872 56 2048
1 6064 56 2208
1 256 56 512
1 1664 56 128
1 1968 56 160
1 3664 56 96
1 4872 56 1488
1 1104 56 2208
1 2512 56 480
1 3872 56 2048
1 6064 56 2208
1 1104 56 2208
1 2512 56 480
1 3872 56 2048
1 6064 56 2208
1 256 56 512
1 1664 56 128
1 1968 56 160
1 3664 56 96
1 4872 56 1488
1 1104 56 2208
1 2512 56 480
1 3872 56 2048
1 6064 56 2208
1 1104 56 2208
1 2512 56 480
1 3872 56 2048
1 6064 56 2208
1 256 56 512
1 1664 56 128
1 1968 56 160
1 3664 56 96
1 4872 56 1488
1 1104 56 2208
1 2512 56 480
1 3872 56 2048
1 6064 56 2208
1 2424 56 272
1 2632 56 208
1 1104 56 2208
1 2512 56 480
1 3872 56 2048
1 6064 56 2208
1 256 56 512
1 1664 56 128
1 1968 56 160
1 3664 56 96
1 4872 56 1488
1 1104 56 2208
1 2512 56 480
1 3872 56 2048
1 6064 56 2208
1 1104 56 2208
1 2512 56 480
1 3872 56 2048
1 6064 56 2208
1 256 56 512
1 1664 56 128
1 1968 56 160
1 3664 56 96
1 4872 56 1488
1 1104 56 2208
1 2512 56 480
1 3872 56 2048
1 6064 56 2208
1 1104 56 2208
1 2512 56 480
1 3872 56 2048
1 6064 56 2208
1 256 56 512
1 1664 56 128
1 1968 56 160
1 3664 56 96
1 4872 56 1488
1 1104 56 2208
1 2512 56 480
1 3872 56 2048
1 6064 56 2208
1 1104 56 2208
1 2512 56 480
1 3872 56 2048
1 6064 56 2208
1 256 56 512
1 1664 56 128
1 1968 56 160
1 3664 56 96
1 4872 56 1488
1 1104 56 2208
1 2512 56 480
1 3872 56 2048
1 6064 56 2208
1 1104 56 2208
1 2512 56 480
1 3872 56 2048
1 6064 56 2208
1 256 56 512
1 1664 56 128
1 1968 56 160
1 3664 56 96
1 4872 56 1488
1 1104 56 2208
1 2512 56 480
1 3872 56 2048
1 6064 56 2208
1 1104 56 2208
1 2512 56 480
1 3872 56 2048
1 6064 56 2208
1 256 56 512
1 1664 56 128
1 1968 56 160
1 3664 56 96
1 4872 56 1488
1 1104 56 2208
1 2512 56 480
1 3872 56 2048
1 6064 56 2208
1 1104 56 2208
1 2512 56 480
1 3872 56 2048
1 6064 56 2208
1 256 56 512
1 1664 56 128
1 1968 56 160
1 3664 56 96
1 4872 56 1488
1 1104 56 2208
1 2512 56 480
1 3872 56 2048
1 6064 56 2208
1 1104 56 2208
1 2512 56 480
1 3872 56 2048
1 6064 56 2208
1 256 56 512
1 1664 56 128
1 1968 56 160
1 3664 56 96
1 4872 56 1488
1 1104 56 2208
1 2512 56 480
1 3872 56 2048
1 6064 56 2208
1 2424 56 272
1 2632 56 208
1 1104 56 2208
1 2512 56 480
1 3872 56 2048
1 6064 56 2208
1 256 56 512
1 1664 56 128
1 1968 56 160
1 3664 56 96
1 4872 56 1488
1 1104 56 2208
1 2512 56 480
1 3872 56 2048
1 6064 56 2208
1 1104 56 2208
1 2512 56 480
1 3872 56 2048
1 6064 56 2208
1 256 56 512
1 1664 56 128
1 1968 56 160
1 3664 56 96
1 4872 56 1488
1 1104 56 2208
1 2512 56 480
1 3872 56 2048
1 6064 56 2208
1 1104 56 2208
1 2512 56 480
1 3872 56 2048
1 6064 56 2208
1 256 56 512
1 1664 56 128
1 1968 56 160
1 3664 56 96
1 4872 56 1488
1 1104 56 2208
1 2512 56 480
1 3872 56 2048
1 6064 56 2208
1 1104 56 2208
1 2512 56 480
1 3872 56 2048
1 6064 56 2208
1 256 56 512
1 1664 56 128
1 1968 56 160
1 3664 56 96
1 4872 56 1488
1 1104 56 2208
1 2512 56 480
1 3872 56 2048
1 6064 56 2208
1 1104 56 2208
1 2512 56 480
1 3872 56 2048
1 6064 56 2208
1 256 56 512
1 1664 56 128
1 1968 56 160
1 3664 56 96
1 4872 56 1488
1 1104 56 2208
1 2512 56 480
1 3872 56 2048
1 6064 56 2208
1 1104 56 2208
1 2512 56 480
1 3872 56 2048
1 6064 56 2208
1 256 56 512
1 1664 56 128
1 1968 56 160
1 3664 56 96
1 4872 56 1488
1 1104 56 2208
1 2512 56 480
1 3872 56 2048
1 6064 56 2208
1 1104 56 2208
1 2512 56 480
1 3872 56 2048
1 6064 56 2208
1 256 56 512
1 1664 56 128
1 1968 56 160
1 3664 56 96
1 4872 56 1488
1 1104 56 2208
1 2512 56 480
1 3872 56 2048
1 6064 56 2208
1 1104 56 2208
1 2512 56 480
1 3872 56 2048
1 6064 56 2208
1 256 56 512
1 1664 56 128
1 1968 56 160
1 3664 56 96
1 4872 56 1488
1 1104 56 2208
1 2512 56 480
1 3872 56 2048
1 6064 56 2208
1 2424 56 272
1 2632 56 208
1 1104 56 2208
1 2512 56 480
1 3872 56 2048
1 6064 56 2208
1 256 56 512
1 1664 56 128
1 1968 56 160
1 3664 56 96
1 4872 56 1488
1 1104 56 2208
1 2512 56 480
1 3872 56 2048
1 6064 56 2208
1 1104 56 2208
1 2512 56 480
1 3872 56 2048
1 6064 56 2208
1 256 56 512
1 1664 56 128
1 1968 56 160
1 3664 56 96
1 4872 56 1488
1 1104 56 2208
1 2512 56 480
1 3872 56 2048
1 6064 56 2208
1 1104 56 2208
1 2512 56 480
1 3872 56 2048
1 6064 56 2208
1 256 56 512
1 1664 56 128
1 1968 56 160
1 3664 56 96
1 4872 56 1488
1 1104 56 2208
1 2512 56 480
1 3872 56 2048
1 6064 56 2208
1 1104 56 2208
1 2512 56 480
1 3872 56 2048
1 6064 56 2208
1 256 56 512
1 1664 56 128
1 1968 56 160
1 3664 56 96
1 4872 56 1488
1 1104 56 2208
1 2512 56 480
1 3872 56 2048
1 6064 56 2208
1 1104 56 2208
1 2512 56 480
1 3872 56 2048
1 6064 56 2208
1 256 56 512
1 1664 56 128
1 1968 56 160
1 3664 56 96
1 4872 56 1488
1 1104 56 2208
1 2512 56 480
1 3872 56 2048
1 6064 56 2208
1 1104 56 2208
1 2512 56 480
1 3872 56 2048
1 6064 56 2208
1 256 56 512
1 1664 56 128
1 1968 56 160
1 3664 56 96
1 4872 56 1488
1 1104 56 2208
1 2512 56 480
1 3872 56 2048
1 6064 56 2208
1 1104 56 2208
1 2512 56 480
1 3872 56 2048
1 6064 56 2208
1 256 56 512
1 1664 56 128
1 1968 56 160
1 3664 56 96
1 4872 56 1488
1 1104 56 2208
1 2512 56 480
1 3872 56 2048
1 6064 56 2208
1 1104 56 2208
1 2512 56 480
1 3872 56 2048
1 6064 56 2208
1 256 56 512
1 1664 56 128
1 1968 56 160
1 3664 56 96
1 4872 56 1488
1 1104 56 2208
1 2512 56 480
1 3872 56 2048
1 6064 56 2208
1 2424 56 272
1 2632 56 208
1 1104 56 2208
1 2512 56 480
1 3872 56 2048
1 6064 56 2208
1 256 56 512
1 1664 56 128
1 1968 56 160
1 3664 56 96
1 4872 56 1488
1 1104 56 2208
1 2512 56 480
1 3872 56 2048
1 6064 56 2208
1 1104 56 2208
1 2512 56 480
1 3872 56 2048
1 6064 56 2208
1 256 56 512
1 1664 56 128
1 1968 56 160
1 3664 56 96
1 4872 56 1488
1 1104 56 2208
1 2512 56 480
1 3872 56 2048
1 6064 56 2208
1 1104 56 2208
1 2512 56 480
1 3872 56 2048
1 6064 56 2208
1 256 56 512
1 1664 56 128
1 1968 56 160
1 3664 56 96
1 4872 56 1488
1 1104 56 2208
1 2512 56 480
1 3872 56 2048
1 6064 56 2208
1 1104 56 2208
1 2512 56 480
1 3872 56 2048
1 6064 56 2208
1 256 56 512
1 1664 56 128
1 1968 56 160
1 3664 56 96
1 4872 56 1488
1 1104 56 2208
1 2512 56 480
1 3872 56 2048
1 6064 56 2208
1 1104 56 2208
1 2512 56 480
1 3872 56 2048
1 6064 56 2208
1 256 56 512
1 1664 56 128
1 1968 56 160
1 3664 56 96
1 4872 56 1488
1 1104 56 2208
1 2512 56 480
1 3872 56 2048
1 6064 56 2208
1 1104 56 2208
1 2512 56 480
1 3872 56 2048
1 6064 56 2208
1 256 56 512
1 1664 56 128
1 1968 56 160
1 3664 56 96
1 4872 56 1488
1 1104 56 2208
1 2512 56 480
1 3872 56 2048
1 6064 56 2208
1 1104 56 2208
1 2512 56 480
1 3872 56 2048
1 6064 56 2208
1 256 56 512
1 1664 56 128
1 1968 56 160
1 3664 56 96
1 4872 56 1488
1 1104 56 2208
1 2512 56 480
1 3872 56 2048
1 6064 56 2208
1 1104 56 2208
1 2512 56 480
1 3872 56 2048
1 6064 56 2208
1 256 56 512
1 1664 56 128
1 1968 56 160
1 3664 56 96
1 4872 56 1488
1 1104 56 2208
1 2512 56 480
1 3872 56 2048
1 6064 56 2208
1 2424 56 272
1 2632 56 208
1 1104 56 2208
1 2512 56 480
1 3872 56 2048
1 6064 56 2208
1 256 56 512
1 1664 56 128
1 1968 56 160
1 3664 56 96
1 4872 56 1488
1 1104 56 2208
1 2512 56 480
1 3872 56 2048
1 6064 56 2208
1 1104 56 2208
1 2512 56 480
1 3872 56 2048
1 6064 56 2208
1 256 56 512
1 1664 56 128
1 1968 56 160
1 3664 56 96
1 4872 56 1488
1 1104 56 2208
1 2512 56 480
1 3872 56 2048
1 6064 56 2208
1 1104 56 2208
1 2512 56 480
1 3872 56 2048
1 6064 56 2208
1 256 56 512
1 1664 56 128
1 1968 56 160
1 3664 56 96
1 4872 56 1488
1 1104 56 2208
1 2512 56 480
1 3872 56 2048
1 6064 56 2208
1 1104 56 2208
1 2512 56 480
1 3872 56 2048
1 6064 56 2208
1 256 56 512
1 1664 56 128
1 1968 56 160
1 3664 56 96
1 4872 56 1488
1 1104 56 2208
1 2512 56 480
1 3872 56 2048
1 6064 56 2208
1 1104 56 2208
1 2512 56 480
1 3872 56 2048
1 6064 56 2208
1 256 56 512
1 1664 56 128
1 1968 56 160
1 3664 56 96
1 4872 56 1488
1 1104 56 2208
1 2512 56 480
1 3872 56 2048
1 6064 56 2208
1 1104 56 2208
1 2512 56 480
1 3872 56 2048
1 6064 56 2208
1 256 56 512
1 1664 56 128
1 1968 56 160
1 3664 56 96
1 4872 56 1488
1 1104 56 2208
1 2512 56 480
1 3872 56 2048
1 6064 56 2208
1 1104 56 2208
1 2512 56 480
1 3872 56 2048
1 6064 56 2208
1 256 56 512
1 1664 56 128
1 1968 56 160
1 3664 56 96
1 4872 56 1488
1 1104 56 2208
1 2512 56 480
1 3872 56 2048
1 6064 56 2208
1 1104 56 2208
1 2512 56 480
1 3872 56 2048
1 6064 56 2208
1 256 56 512
1 1664 56 128
1 1968 56 160
1 3664 56 96
1 4872 56 1488
1 1104 56 2208
1 2512 56 480
1 3872 56 2048
1 6064 56 2208
1 2424 56 272
1 2632 56 208
1 1104 56 2208
1 2512 56 480
1 3872 56 2048
1 6064 56 2208
1 256 56 512
1 1664 56 128
1 1968 56 160
1 3664 56 96
1 4872 56 1488
1 1104 56 2208
1 2512 56 480
1 3872 56 2048
1 6064 56 2208
1 1104 56 2208
1 2512 56 480
1 3872 56 2048
1 6064 56 2208
1 256 56 512
1 1664 56 128
1 1968 56 160
1 3664 56 96
1 4872 56 1488
1 1104 56 2208
1 2512 56 480
1 3872 56 2048
1 6064 56 2208
1 1104 56 2208
1 2512 56 480
1 3872 56 2048
1 6064 56 2208
1 256 56 512
1 1664 56 128
1 1968 56 160
1 3664 56 96
1 4872 56 1488
1 1104 56 2208
1 2512 56 480
1 3872 56 2048
1 6064 56 2208
1 1104 56 2208
1 2512 56 480
1 3872 56 2048
1 6064 56 2208
1 256 56 512
1 1664 56 128
1 1968 56 160
1 3664 56 96
1 4872 56 1488
1 1104 56 2208
1 2512 56 480
1 3872 56 2048
1 6064 56 2208
1 1104 56 2208
1 2512 56 480
1 3872 56 2048
1 6064 56 2208
1 256 56 512
1 1664 56 128
1 1968 56 160
1 3664 56 96
1 4872 56 1488
1 1104 56 2208
1 2512 56 480
1 3872 56 2048
1 6064 56 2208
1 1104 56 2208
1 2512 56 480
1 3872 56 2048
1 6064 56 2208
1 256 56 512
1 1664 56 128
1 1968 56 160
1 3664 56 96
1 4872 56 1488
1 1104 56 2208
1 2512 56 480
1 3872 56 2048
1 6064 56 2208
1 1104 56 2208
1 2512 56 480
1 3872 56 2048
1 6064 56 2208
1 256 56 512
1 1664 56 128
1 1968 56 160
1 3664 56 96
1 4872 56 1488
1 1104 56 2208
1 2512 56 480
1 3872 56 2048
1 6064 56 2208
1 1104 56 2208
1 2512 56 480
1 3872 56 2048
1 6064 56 2208
1 256 56 512
1 1664 56 128
1 1968 56 160
1 3664 56 96
1 4872 56 1488
1 1104 56 2208
1 2512 56 480
1 3872 56 2048
1 6064 56 2208
1 2424 56 272
1 2632 56 208
1 1104 56 2208
1 2512 56 480
1 3872 56 2048
1 6064 56 2208
1 256 56 512
1 1664 56 128
1 1968 56 160
1 3664 56 96
1 4872 56 1488
1 1104 56 2208
1 2512 56 480
1 3872 56 2048
1 6064 56 2208
1 1104 56 2208
1 2512 56 480
1 3872 56 2048
1 6064 56 2208
1 256 56 512
1 1664 56 128
1 1968 56 160
1 3664 56 96
1 4872 56 1488
1 1104 56 2208
1 2512 56 480
1 3872 56 2048
1 6064 56 2208
1 1104 56 2208
1 2512 56 480
1 3872 56 2048
1 6064 56 2208
1 256 56 512
1 1664 56 128
1 1968 56 160
1 3664 56 96
1 4872 56 1488
1 1104 56 2208
1 2512 56 480
1 3872 56 2048
1 6064 56 2208
1 1104 56 2208
1 2512 56 480
1 3872 56 2048
1 6064 56 2208
1 256 56 512
1 1664 56 128
1 1968 56 160
1 3664 56 96
1 4872 56 1488
1 1104 56 2208
1 2512 56 480
1 3872 56 2048
1 6064 56 2208
1 1104 56 2208
1 2512 56 480
1 3872 56 2048
1 6064 56 2208
1 256 56 512
1 1664 56 128
1 1968 56 160
1 3664 56 96
1 4872 56 1488
1 1104 56 2208
1 2512 56 480
1 3872 56 2048
1 6064 56 2208
1 1104 56 2208
1 2512 56 480
1 3872 56 2048
1 6064 56 2208
1 256 56 512
1 1664 56 128
1 1968 56 160
1 3664 56 96
1 4872 56 1488
1 1104 56 2208
1 2512 56 480
1 3872 56 2048
1 6064 56 2208
1 1104 56 2208
1 2512 56 480
1 3872 56 2048
1 6064 56 2208
1 256 56 512
1 1664 56 128
1 1968 56 160
1 3664 56 96
1 4872 56 1488
1 1104 56 2208
1 2512 56 480
1 3872 56 2048
1 6064 56 2208
1 1104 56 2208
1 2512 56 480
1 3872 56 2048
1 6064 56 2208
1 256 56 512
1 1664 56 128
1 1968 56 160
1 3664 56 96
1 4872 56 1488
1 1104 56 2208
1 2512 56 480
1 3872 56 2048
1 6064 56 2208
1 2424 56 272
1 2632 56 208
1 1104 56 2208
1 2512 56 480
1 3872 56 2048
1 6064 56 2208
1 256 56 512
1 1664 56 128
1 1968 56 160
1 3664 56 96
1 4872 56 1488
1 1104 56 2208
1 2512 56 480
1 3872 56 2048
1 6064 56 2208
1 1104 56 2208
1 2512 56 480
1 3872 56 2048
1 6064 56 2208
1 256 56 512
1 1664 56 128
1 1968 56 160
1 3664 56 96
1 4872 56 1488
1 1104 56 2208
1 2512 56 480
1 3872 56 2048
1 6064 56 2208
1 1104 56 2208
1 2512 56 480
1 3872 56 2048
1 6064 56 2208
1 256 56 512
1 1664 56 128
1 1968 56 160
1 3664 56 96
1 4872 56 1488
1 1104 56 2208
1 2512 56 480
1 3872 56 2048
1 6064 56 2208
1 1104 56 2208
1 2512 56 480
1 3872 56 2048
1 6064 56 2208
1 256 56 512
1 1664 56 128
1 1968 56 160
1 3664 56 96
1 4872 56 1488
1 1104 56 2208
1 2512 56 480
1 3872 56 2048
1 6064 56 2208
1 1104 56 2208
1 2512 56 480
1 3872 56 2048
1 6064 56 2208
1 256 56 512
1 1664 56 128
1 1968 56 160
1 3664 56 96
1 4872 56 1488
1 1104 56 2208
1 2512 56 480
1 3872 56 2048
1 6064 56 2208
1 1104 56 2208
1 2512 56 480
1 3872 56 2048
1 6064 56 2208
1 256 56 512
1 1664 56 128
1 1968 56 160
1 3664 56 96
1 4872 56 1488
1 1104 56 2208
1 2512 56 480
1 3872 56 2048
1 6064 56 2208
1 1104 56 2208
1 2512 56 480
1 3872 56 2048
1 6064 56 2208
1 256 56 512
1 1664 56 128
1 1968 56 160
1 3664 56 96
1 4872 56 1488
1 1104 56 2208
1 2512 56 480
1 3872 56 2048
1 6064 56 2208
1 1104 56 2208
1 2512 56 480
1 3872 56 2048
1 6064 56 2208
1 256 56 512
1 1664 56 128
1 1968 56 160
1 3664 56 96
1 4872 56 1488
1 1104 56 2208
1 2512 56 480
1 3872 56 2048
1 6064 56 2208
1 2424 56 272
1 2632 56 208
1 1104 56 2208
1 2512 56 480
1 3872 56 2048
1 6064 56 2208
1 256 56 512
1 1664 56 128
1 1968 56 160
1 3664 56 96
1 4872 56 1488
1 1104 56 2208
1 2512 56 480
1 3872 56 2048
1 6064 56 2208
1 1104 56 2208
1 2512 56 480
1 3872 56 2048
1 6064 56 2208
1 256 56 512
1 1664 56 128
1 1968 56 160
1 3664 56 96
1 4872 56 1488
1 1104 56 2208
1 2512 56 480
1 3872 56 2048
1 6064 56 2208
1 1104 56 2208
1 2512 56 480
1 3872 56 2048
1 6064 56 2208
1 256 56 512
1 1664 56 128
1 1968 56 160
1 3664 56 96
1 4872 56 1488
1 1104 56 2208
1 2512 56 480
1 3872 56 2048
1 6064 56 2208
1 1104 56 2208
1 2512 56 480
1 3872 56 2048
1 6064 56 2208
1 256 56 512
1 1664 56 128
1 1968 56 160
1 3664 56 96
1 4872 56 1488
1 1104 56 2208
1 2512 56 480
1 3872 56 2048
1 6064 56 2208
1 1104 56 2208
1 2512 56 480
1 3872 56 2048
1 6064 56 2208
1 256 56 512
1 1664 56 128
1 1968 56 160
1 3664 56 96
1 4872 56 1488
1 1104 56 2208
1 2512 56 480
1 3872 56 2048
1 6064 56 2208
1 1104 56 2208
1 2512 56 480
1 3872 56 2048
1 6064 56 2208
1 256 56 512
1 1664 56 128
1 1968 56 160
1 3664 56 96
1 4872 56 1488
1 1104 56 2208
1 2512 56 480
1 3872 56 2048
1 6064 56 2208
1 1104 56 2208
1 2512 56 480
1 3872 56 2048
1 6064 56 2208
1 256 56 512
1 1664 56 128
1 1968 56 160
1 3664 56 96
1 4872 56 1488
1 1104 56 2208
1 2512 56 480
1 3872 56 2048
1 6064 56 2208
1 1104 56 2208
1 2512 56 480
1 3872 56 2048
1 6064 56 2208
1 256 56 512
1 1664 56 128
1 1968 56 160
1 3664 56 96
1 4872 56 1488
1 1104 56 2208
1 2512 56 480
1 3872 56 2048
1 6064 56 2208
1 2424 56 272
1 2632 56 208
1 1104 56 2208
1 2512 56 480
1 3872 56 2048
1 6064 56 2208
1 256 56 512
1 1664 56 128
1 1968 56 160
1 3664 56 96
1 4872 56 1488
1 1104 56 2208
1 2512 56 480
1 3872 56 2048
1 6064 56 2208
1 1104 56 2208
1 2512 56 480
1 3872 56 2048
1 6064 56 2208
1 256 56 512
1 1664 56 128
1 1968 56 160
1 3664 56 96
1 4872 56 1488
1 1104 56 2208
1 2512 56 480
1 3872 56 2048
1 6064 56 2208
1 1104 56 2208
1 2512 56 480
1 3872 56 2048
1 6064 56 2208
1 256 56 512
1 1664 56 128
1 1968 56 160
1 3664 56 96
1 4872 56 1488
1 1104 56 2208
1 2512 56 480
1 3872 56 2048
1 6064 56 2208
1 1104 56 2208
1 2512 56 480
1 3872 56 2048
1 6064 56 2208
1 256 56 512
1 1664 56 128
1 1968 56 160
1 3664 56 96
1 4872 56 1488
1 1104 56 2208
1 2512 56 480
1 3872 56 2048
1 6064 56 2208
1 1104 56 2208
1 2512 56 480
1 3872 56 2048
1 6064 56 2208
1 256 56 512
1 1664 56 128
1 1968 56 160
1 3664 56 96
1 4872 56 1488
1 1104 56 2208
1 2512 56 480
1 3872 56 2048
1 6064 56 2208
1 1104 56 2208
1 2512 56 480
1 3872 56 2048
1 6064 56 2208
1 256 56 512
1 1664 56 128
1 1968 56 160
1 3664 56 96
1 4872 56 1488
1 1104 56 2208
1 2512 56 480
1 3872 56 2048
1 6064 56 2208
1 1104 56 2208
1 2512 56 480
1 3872 56 2048
1 6064 56 2208
1 256 56 512
1 1664 56 128
1 1968 56 160
1 3664 56 96
1 4872 56 1488
1 1104 56 2208
1 2512 56 480
1 3872 56 2048
1 6064 56 2208
1 1104 56 2208
1 2512 56 480
1 3872 56 2048
1 6064 56 2208
1 256 56 512
1 1664 56 128
1 1968 56 160
1 3664 56 96
1 4872 56 1488
1 1104 56 2208
1 2512 56 480
1 3872 56 2048
1 6064 56 2208
1 2424 56 272
1 2632 56 208
1 1104 56 2208
1 2512 56 480
1 3872 56 2048
1 6064 56 2208
1 256 56 512
1 1664 56 128
1 1968 56 160
1 3664 56 96
1 4872 56 1488
1 1104 56 2208
1 2512 56 480
1 3872 56 2048
1 6064 56 2208
1 1104 56 2208
1 2512 56 480
1 3872 56 2048
1 6064 56 2208
1 256 56 512
1 1664 56 128
1 1968 56 160
1 3664 56 96
1 4872 56 1488
1 1104 56 2208
1 2512 56 480
1 3872 56 2048
1 6064 56 2208
1 1104 56 2208
1 2512 56 480
1 3872 56 2048
1 6064 56 2208
1 256 56 512
1 1664 56 128
1 1968 56 160
1 3664 56 96
1 4872 56 1488
1 1104 56 2208
1 2512 56 480
1 3872 56 2048
1 6064 56 2208
1 1104 56 2208
1 2512 56 480
1 3872 56 2048
1 6064 56 2208
1 256 56 512
1 1664 56 128
1 1968 56 160
1 3664 56 96
1 4872 56 1488
1 1104 56 2208
1 2512 56 480
1 3872 56 2048
1 6064 56 2208
1 1104 56 2208
1 2512 56 480
1 3872 56 2048
1 6064 56 2208
1 256 56 512
1 1664 56 128
1 1968 56 160
1 3664 56 96
1 4872 56 1488
1 1104 56 2208
1 2512 56 480
1 3872 56 2048
1 6064 56 2208
1 1104 56 2208
1 2512 56 480
1 3872 56 2048
1 6064 56 2208
1 256 56 512
1 1664 56 128
1 1968 56 160
1 3664 56 96
1 4872 56 1488
1 1104 56 2208
1 2512 56 480
1 3872 56 2048
1 6064 56 2208
1 1104 56 2208
1 2512 56 480
1 3872 56 2048
1 6064 56 2208
1 256 56 512
1 1664 56 128
1 1968 56 160
1 3664 56 96
1 4872 56 1488
1 1104 56 2208
1 2512 56 480
1 3872 56 2048
1 6064 56 2208
1 1104 56 2208
1 2512 56 480
1 3872 56 2048
1 6064 56 2208
1 256 56 512
1 1664 56 128
1 1968 56 160
1 3664 56 96
1 4872 56 1488
1 1104 56 2208
1 2512 56 480
1 3872 56 2048
1 6064 56 2208
1 2424 56 272
1 2632 56 208
1 1104 56 2208
1 2512 56 480
1 3872 56 2048
1 6064 56 2208
1 256 56 512
1 1664 56 128
1 1968 56 160
1 3664 56 96
1 4872 56 1488
1 1104 56 2208
1 2512 56 480
1 3872 56 2048
1 6064 56 2208
1 1104 56 2208
1 2512 56 480
1 3872 56 2048
1 6064 56 2208
1 256 56 512
1 1664 56 128
1 1968 56 160
1 3664 56 96
1 4872 56 1488
1 1104 56 2208
1 2512 56 480
1 3872 56 2048
1 6064 56 2208
1 1104 56 2208
1 2512 56 480
1 3872 56 2048
1 6064 56 2208
1 256 56 512
1 1664 56 128
1 1968 56 160
1 3664 56 96
1 4872 56 1488
1 1104 56 2208
1 2512 56 480
1 3872 56 2048
1 6064 56 2208
1 1104 56 2208
1 2512 56 480
1 3872 56 2048
1 6064 56 2208
1 256 56 512
1 1664 56 128
1 1968 56 160
1 3664 56 96
1 4872 56 1488
1 1104 56 2208
1 2512 56 480
1 3872 56 2048
1 6064 56 2208
1 1104 56 2208
1 2512 56 480
1 3872 56 2048
1 6064 56 2208
1 256 56 512
1 1664 56 128
1 1968 56 160
1 3664 56 96
1 4872 56 1488
1 1104 56 2208
1 2512 56 480
1 3872 56 2048
1 6064 56 2208
1 1104 56 2208
1 2512 56 480
1 3872 56 2048
1 6064 56 2208
1 256 56 512
1 1664 56 128
1 1968 56 160
1 3664 56 96
1 4872 56 1488
1 1104 56 2208
1 2512 56 480
1 3872 56 2048
1 6064 56 2208
1 1104 56 2208
1 2512 56 480
1 3872 56 2048
1 6064 56 2208
1 256 56 512
1 1664 56 128
1 1968 56 160
1 3664 56 96
1 4872 56 1488
1 1104 56 2208
1 2512 56 480
1 3872 56 2048
1 6064 56 2208
1 1104 56 2208
1 2512 56 480
1 3872 56 2048
1 6064 56 2208
1 256 56 512
1 1664 56 128
1 1968 56 160
1 3664 56 96
1 4872 56 1488
1 1104 56 2208
1 2512 56 480
1 3872 56 2048
1 6064 56 2208
1 2424 56 272
1 2632 56 208
1 1104 56 2208
1 2512 56 480
1 3872 56 2048
1 6064 56 2208
1 256 56 512
1 1664 56 128
1 1968 56 160
1 3664 56 96
1 4872 56 1488
1 1104 56 2208
1 2512 56 480
1 3872 56 2048
1 6064 56 2208
1 1104 56 2208
1 2512 56 480
1 3872 56 2048
1 6064 56 2208
1 256 56 512
1 1664 56 128
1 1968 56 160
1 3664 56 96
1 4872 56 1488
1 1104 56 2208
1 2512 56 480
1 3872 56 2048
1 6064 56 2208
1 1104 56 2208
1 2512 56 480
1 3872 56 2048
1 6064 56 2208
1 256 56 512
1 1664 56 128
1 1968 56 160
1 3664 56 96
1 4872 56 1488
1 1104 56 2208
1 2512 56 480
1 3872 56 2048
1 6064 56 2208
1 1104 56 2208
1 2512 56 480
1 3872 56 2048
1 6064 56 2208
1 256 56 512
1 1664 56 128
1 1968 56 160
1 3664 56 96
1 4872 56 1488
1 1104 56 2208
1 2512 56 480
1 3872 56 2048
1 6064 56 2208
1 1104 56 2208
1 2512 56 480
1 3872 56 2048
1 6064 56 2208
1 256 56 512
1 1664 56 128
1 1968 56 160
1 3664 56 96
1 4872 56 1488
1 1104 56 2208
1 2512 56 480
1 3872 56 2048
1 6064 56 2208
1 1104 56 2208
1 2512 56 480
1 3872 56 2048
1 6064 56 2208
1 256 56 512
1 1664 56 128
1 1968 56 160
1 3664 56 96
1 4872 56 1488
1 1104 56 2208
1 2512 56 480
1 3872 56 2048
1 6064 56 2208
1 1104 56 2208
1 2512 56 480
1 3872 56 2048
1 6064 56 2208
1 256 56 512
1 1664 56 128
1 1968 56 160
1 3664 56 96
1 4872 56 1488
1 1104 56 2208
1 2512 56 480
1 3872 56 2048
1 6064 56 2208
1 1104 56 2208
1 2512 56 480
1 3872 56 2048
1 6064 56 2208
1 256 56 512
1 1664 56 128
1 1968 56 160
1 3664 56 96
1 4872 56 1488
1 1104 56 2208
1 2512 56 480
1 3872 56 2048
1 6064 56 2208
1 2424 56 272
1 2632 56 208
1 1104 56 2208
1 2512 56 480
1 3872 56 2048
1 6064 56 2208
1 256 56 512
1 1664 56 128
1 1968 56 160
1 3664 56 96
1 4872 56 1488
1 1104 56 2208
1 2512 56 480
1 3872 56 2048
1 6064 56 2208
1 1104 56 2208
1 2512 56 480
1 3872 56 2048
1 6064 56 2208
1 256 56 512
1 1664 56 128
1 1968 56 160
1 3664 56 96
1 4872 56 1488
1 1104 56 2208
1 2512 56 480
1 3872 56 2048
1 6064 56 2208
1 1104 56 2208
1 2512 56 480
1 3872 56 2048
1 6064 56 2208
1 256 56 512
1 1664 56 128
1 1968 56 160
1 3664 56 96
1 4872 56 1488
1 1104 56 2208
1 2512 56 480
1 3872 56 2048
1 6064 56 2208
1 1104 56 2208
1 2512 56 480
1 3872 56 2048
1 6064 56 2208
1 256 56 512
1 1664 56 128
1 1968 56 160
1 3664 56 96
1 4872 56 1488
1 1104 56 2208
1 2512 56 480
1 3872 56 2048
1 6064 56 2208
1 1104 56 2208
1 2512 56 480
1 3872 56 2048
1 6064 56 2208
1 256 56 512
1 1664 56 128
1 1968 56 160
1 3664 56 96
1 4872 56 1488
1 1104 56 2208
1 2512 56 480
1 3872 56 2048
1 6064 56 2208
1 1104 56 2208
1 2512 56 480
1 3872 56 2048
1 6064 56 2208
1 256 56 512
1 1664 56 128
1 1968 56 160
1 3664 56 96
1 4872 56 1488
1 1104 56 2208
1 2512 56 480
1 3872 56 2048
1 6064 56 2208
1 1104 56 2208
1 2512 56 480
1 3872 56 2048
1 6064 56 2208
1 256 56 512
1 1664 56 128
1 1968 56 160
1 3664 56 96
1 4872 56 1488
1 1104 56 2208
1 2512 56 480
1 3872 56 2048
1 6064 56 2208
1 1104 56 2208
1 2512 56 480
1 3872 56 2048
1 6064 56 2208
1 256 56 512
1 1664 56 128
1 1968 56 160
1 3664 56 96
1 4872 56 1488
1 1104 56 2208
1 2512 56 480
1 3872 56 2048
1 6064 56 2208
1 2424 56 272
1 2632 56 208
1 1104 56 2208
1 2512 56 480
1 3872 56 2048
1 6064 56 2208
1 256 56 512
1 1664 56 128
1 1968 56 160
1 3664 56 96
1 4872 56 1488
1 1104 56 2208
1 2512 56 480
1 3872 56 2048
1 6064 56 2208
1 1104 56 2208
1 2512 56 480
1 3872 56 2048
1 6064 56 2208
1 256 56 512
1 1664 56 128
1 1968 56 160
1 3664 56 96
1 4872 56 1488
1 1104 56 2208
1 2512 56 480
1 3872 56 2048
1 6064 56 2208
1 1104 56 2208
1 2512 56 480
1 3872 56 2048
1 6064 56 2208
1 256 56 512
1 1664 56 128
1 1968 56 160
1 3664 56 96
1 4872 56 1488
1 1104 56 2208
1 2512 56 480
1 3872 56 2048
1 6064 56 2208
1 1104 56 2208
1 2512 56 480
1 3872 56 2048
1 6064 56 2208
1 256 56 512
1 1664 56 128
1 1968 56 160
1 3664 56 96
1 4872 56 1488
1 1104 56 2208
1 2512 56 480
1 3872 56 2048
1 6064 56 2208
1 1104 56 2208
1 2512 56 480
1 3872 56 2048
1 6064 56 2208
1 256 56 512
1 1664 56 128
1 1968 56 160
1 3664 56 96
1 4872 56 1488
1 1104 56 2208
1 2512 56 480
1 3872 56 2048
1 6064 56 2208
1 1104 56 2208
1 2512 56 480
1 3872 56 2048
1 6064 56 2208
1 256 56 512
1 1664 56 128
1 1968 56 160
1 3664 56 96
1 4872 56 1488
1 1104 56 2208
1 2512 56 480
1 3872 56 2048
1 6064 56 2208
1 1104 56 2208
1 2512 56 480
1 3872 56 2048
1 6064 56 2208
1 256 56 512
1 1664 56 128
1 1968 56 160
1 3664 56 96
1 4872 56 1488
1 1104 56 2208
1 2512 56 480
1 3872 56 2048
1 6064 56 2208
1 1104 56 2208
1 2512 56 480
1 3872 56 2048
1 6064 56 2208
1 256 56 512
1 1664 56 128
1 1968 56 160
1 3664 56 96
1 4872 56 1488
1 1104 56 2208
1 2512 56 480
1 3872 56 2048
1 6064 56 2208
6 3600 176 32 32 32 32 -1
11 1800 5400 3600 3600 1
11 1800 5400 64 128 3600 3600 0
12 5400 5400 3600 3600 1
12 5400 5400 96 64 3600 3600 0
13 1800 1800 3600 3600 1
13 1800 1800 64 256 3600 3600 1
6 720 304 32 32 32 32 -1
10 1249 112 64 96 64 96 -1
11 1504 128 64 128 64 128 -1
2 2704 304 32 32 32 32 -1
11 1856 128 64 128 64 128 u1_1
2 2672 304 32 32 32 32 -1
20 3024 176 32 32 32 32 -1
2 2736 304 32 32 32 32 -1
2 2768 304 32 32 32 32 -1
2 2800 304 32 32 32 32 -1
2 2928 304 32 32 32 32 -1
2 2960 304 32 32 32 32 -1
2 2992 304 32 32 32 32 -1
6 3024 304 32 32 32 32 -1
2 3216 176 32 32 32 32 -1
22 3248 176 32 32 32 32 -1
6 3408 176 32 32 32 32 -1
6 3504 176 32 32 32 32 -1
16 3504 304 32 32 32 32 -1
14 5400 1800 3600 3600 2
14 5400 1800 64 352 3600 3600 2
2 5392 176 32 32 32 32 -1
4 4496 176 32 32 32 32 -1
4 4496 144 32 32 32 32 -1
4 4496 112 32 32 32 32 -1
4 4496 80 32 32 32 32 -1
2 3888 304 32 32 32 32 -1
2 3920 304 32 32 32 32 -1
2 3952 304 32 32 32 32 -1
2 4144 176 32 32 32 32 -1
2 4176 176 32 32 32 32 -1
2 4112 304 32 32 32 32 -1
2 4208 304 32 32 32 32 -1
6 4144 304 32 32 32 32 -1
6 4176 304 32 32 32 32 -1
4 4304 80 32 32 32 32 -1
4 4336 80 32 32 32 32 -1
4 4368 80 32 32 32 32 -1
4 4400 80 32 32 32 32 -1
4 4400 112 32 32 32 32 -1
4 4368 112 32 32 32 32 -1
4 4336 112 32 32 32 32 -1
4 4368 144 32 32 32 32 -1
4 4400 144 32 32 32 32 -1
4 4400 176 32 32 32 32 -1
4 4528 80 32 32 32 32 -1
4 4560 80 32 32 32 32 -1
4 4592 80 32 32 32 32 -1
4 4560 112 32 32 32 32 -1
4 4528 112 32 32 32 32 -1
4 4528 144 32 32 32 32 -1
4 4752 80 32 32 32 32 -1
4 4784 80 32 32 32 32 -1
4 4816 80 32 32 32 32 -1
4 4848 80 32 32 32 32 -1
4 4880 80 32 32 32 32 -1
4 4880 112 32 32 32 32 -1
4 4848 112 32 32 32 32 -1
4 4816 112 32 32 32 32 -1
4 4784 112 32 32 32 32 -1
4 4848 144 32 32 32 32 -1
4 4880 144 32 32 32 32 -1
4 4880 176 32 32 32 32 -1
4 4848 176 32 32 32 32 -1
4 4816 144 32 32 32 32 -1
4 4976 176 32 32 32 32 -1
4 4976 144 32 32 32 32 -1
4 5008 144 32 32 32 32 -1
4 4976 112 32 32 32 32 -1
4 5008 112 32 32 32 32 -1
4 5040 112 32 32 32 32 -1
4 5040 80 32 32 32 32 -1
4 5008 80 32 32 32 32 -1
4 4976 80 32 32 32 32 -1
4 5072 80 32 32 32 32 -1
9 5248 95 64 64 64 64 -1
4 5840 112 32 32 32 32 -1
4 5840 80 32 32 32 32 -1
9 5760 96 64 64 64 64 -1
2 5424 176 32 32 32 32 -1
2 5488 176 32 32 32 32 -1
6 5456 176 32 32 32 32 -1
4 5808 80 32 32 32 32 -1
4 6064 80 32 32 32 32 -1
4 6064 112 32 32 32 32 -1
4 6064 144 32 32 32 32 -1
4 6064 176 32 32 32 32 -1
4 6064 208 32 32 32 32 -1
4 6064 240 32 32 32 32 -1
4 6064 272 32 32 32 32 -1
4 6064 304 32 32 32 32 -1
4 6032 304 32 32 32 32 -1
4 6032 272 32 32 32 32 -1
4 6000 272 32 32 32 32 -1
4 5968 240 32 32 32 32 -1
4 5936 208 32 32 32 32 -1
4 5904 176 32 32 32 32 -1
4 5872 144 32 32 32 32 -1
4 6032 240 32 32 32 32 -1
4 6000 240 32 32 32 32 -1
4 6032 208 32 32 32 32 -1
4 6000 208 32 32 32 32 -1
4 5968 208 32 32 32 32 -1
4 6032 176 32 32 32 32 -1
4 6000 176 32 32 32 32 -1
4 5968 176 32 32 32 32 -1
4 5936 176 32 32 32 32 -1
4 6032 144 32 32 32 32 -1
4 5968 144 32 32 32 32 -1
4 6000 144 32 32 32 32 -1
4 5936 144 32 32 32 32 -1
4 5904 144 32 32 32 32 -1
4 6032 112 32 32 32 32 -1
4 6000 112 32 32 32 32 -1
4 6000 80 32 32 32 32 -1
4 6032 80 32 32 32 32 -1
4 5968 80 32 32 32 32 -1
4 5968 112 32 32 32 32 -1
4 5936 112 32 32 32 32 -1
4 5936 80 32 32 32 32 -1
4 5904 80 32 32 32 32 -1
4 5904 112 32 32 32 32 -1
4 5872 80 32 32 32 32 -1
4 5872 112 32 32 32 32 -1
4 6352 80 32 32 32 32 -1
7 6341 248 40 304 40 304 -1
2 3792 176 -1
2 2608 304 -1
2 2640 304 -1
2 2544 176 -1
2 2832 304 -1
24 1392 80 -1
6 688 304 -1
24 1648 80 -1
24 1693 81 -1
2 2480 176 -1
2 2576 304 -1
24 2545 275 -1
24 2647 341 -1
24 2703 336 -1
28 3219 90 -1
24 3600 80 -1
24 3536 80 -1
24 3971 82 -1
24 4016 80 -1
24 4139 83 -1
24 4176 80 -1
31 3856 144 -1
24 5488 80 -1
24 5552 80 -1
26 5759 158 -1
26 5248 158 -1
24 3312 80 -1
17 2064 208 -1
16 2512 176 -1
9 928 95 -1
28 752 112 -1
31 1168 144 -1
10 532 114 -1
24 592 80 -1
