1 3600 3600 7200 7200 129
1 3872 56 2048 16 2048
1 3872 56 2048 16 2048
1 3872 56 2048 16 2048
1 3872 56 2048 16 2048
1 3872 56 2048 16 2048
1 3872 56 2048 16 2048
1 3872 56 2048 16 2048
1 3872 56 2048 16 2048
1 3872 56 2048 16 2048
1 3872 56 2048 16 2048
1 3872 56 2048 16 2048
1 3872 56 2048 16 2048
1 3872 56 2048 16 2048
1 3872 56 2048 16 2048
1 3872 56 2048 16 2048
1 3872 56 2048 16 2048
1 3872 56 2048 16 2048
1 3872 56 2048 16 2048
1 3872 56 2048 16 2048
1 3872 56 2048 16 2048
1 3872 56 2048 16 2048
1 3872 56 2048 16 2048
1 3872 56 2048 16 2048
1 3872 56 2048 16 2048
1 3872 56 2048 16 2048
1 3872 56 2048 16 2048
1 3872 56 2048 16 2048
1 3872 56 2048 16 2048
1 3872 56 2048 16 2048
1 3872 56 2048 16 2048
1 3872 56 2048 16 2048
1 3872 56 2048 16 2048
1 3872 56 2048 16 2048
1 3872 56 2048 16 2048
1 3872 56 2048 16 2048
1 3872 56 2048 16 2048
1 3872 56 2048 16 2048
1 3872 56 2048 16 2048
1 3872 56 2048 16 2048
1 3872 56 2048 16 2048
1 3872 56 2048 16 2048
1 3872 56 2048 16 2048
1 3872 56 2048 16 2048
1 3872 56 2048 16 2048
1 3872 56 2048 16 2048
1 3872 56 2048 16 2048
1 3872 56 2048 16 2048
1 3872 56 2048 16 2048
1 3872 56 2048 16 2048
1 3872 56 2048 16 2048
1 3872 56 2048 16 2048
1 3872 56 2048 16 2048
1 3872 56 2048 16 2048
1 3872 56 2048 16 2048
1 3872 56 2048 16 2048
1 3872 56 2048 16 2048
1 3872 56 2048 16 2048
1 3872 56 2048 16 2048
1 3872 56 2048 16 2048
1 3872 56 2048 16 2048
1 3872 56 2048 16 2048
1 3872 56 2048 16 2048
1 3872 56 2048 16 2048
1 3872 56 2048 16 2048
1 3872 56 2048 16 2048
1 3872 56 2048 16 2048
1 3872 56 2048 16 2048
1 3872 56 2048 16 2048
1 3872 56 2048 16 2048
1 3872 56 2048 16 2048
1 3872 56 2048 16 2048
1 3872 56 2048 16 2048
1 3872 56 2048 16 2048
1 3872 56 2048 16 2048
1 3872 56 2048 16 2048
1 3872 56 2048 16 2048
1 3872 56 2048 16 2048
1 3872 56 2048 16 2048
1 3872 56 2048 16 2048
1 3872 56 2048 16 2048
1 3872 56 2048 16 2048
1 3872 56 2048 16 2048
1 3872 56 2048 16 2048
1 3872 56 2048 16 2048
1 3872 56 2048 16 2048
1 3872 56 2048 16 2048
1 3872 56 2048 16 2048
1 3872 56 2048 16 2048
1 3872 56 2048 16 2048
1 3872 56 2048 16 2048
1 3872 56 2048 16 2048
1 3872 56 2048 16 2048
1 3872 56 2048 16 2048
1 3872 56 2048 16 2048
1 3872 56 2048 16 2048
1 3872 56 2048 16 2048
1 3872 56 2048 16 2048
1 3872 56 2048 16 2048
1 3872 56 2048 16 2048
1 3872 56 2048 16 2048
1 3872 56 2048 16 2048
1 3872 56 2048 16 2048
1 3872 56 2048 16 2048
1 3872 56 2048 16 2048
1 3872 56 2048 16 2048
1 3872 56 2048 16 2048
1 3872 56 2048 16 2048
1 3872 56 2048 16 2048
1 3872 56 2048 16 2048
1 3872 56 2048 16 2048
1 3872 56 2048 16 2048
1 3872 56 2048 16 2048
1 3872 56 2048 16 2048
1 3872 56 2048 16 2048
1 3872 56 2048 16 2048
1 3872 56 2048 16 2048
1 3872 56 2048 16 2048
1 3872 56 2048 16 2048
1 3872 56 2048 16 2048
1 3872 56 2048 16 2048
1 3872 56 2048 16 2048
1 3872 56 2048 16 2048
1 3872 56 2048 16 2048
1 3872 56 2048 16 2048
1 3872 56 2048 16 2048
1 3872 56 2048 16 2048
1 3872 56 2048 16 2048
1 3872 56 2048 16 2048
6 3600 176 32 32 32 32 32 32 -1
11 1800 5400 3600 3600 2
11 1800 5400 64 128 3600 3600 1
11 1800 5400 64 128 64 128 3600 3600 0
111 900 6300 1800 1800 0
112 2700 6300 1800 1800 0
113 900 4500 1800 1800 0
114 2700 4500 1800 1800 0
12 5400 5400 3600 3600 2
12 5400 5400 96 64 3600 3600 1
12 5400 5400 96 64 96 64 3600 3600 0
121 4500 6300 1800 1800 0
122 6300 6300 1800 1800 0
123 4500 4500 1800 1800 0
124 6300 4500 1800 1800 0
13 1800 1800 3600 3600 130
1 1104 56 2208 16 2208
1 1104 56 2208 16 2208
1 1104 56 2208 16 2208
1 1104 56 2208 16 2208
1 1104 56 2208 16 2208
1 1104 56 2208 16 2208
1 1104 56 2208 16 2208
1 1104 56 2208 16 2208
1 1104 56 2208 16 2208
1 1104 56 2208 16 2208
1 1104 56 2208 16 2208
1 1104 56 2208 16 2208
1 1104 56 2208 16 2208
1 1104 56 2208 16 2208
1 1104 56 2208 16 2208
1 1104 56 2208 16 2208
1 1104 56 2208 16 2208
1 1104 56 2208 16 2208
1 1104 56 2208 16 2208
1 1104 56 2208 16 2208
1 1104 56 2208 16 2208
1 1104 56 2208 16 2208
1 1104 56 2208 16 2208
1 1104 56 2208 16 2208
1 1104 56 2208 16 2208
1 1104 56 2208 16 2208
1 1104 56 2208 16 2208
1 1104 56 2208 16 2208
1 1104 56 2208 16 2208
1 1104 56 2208 16 2208
1 1104 56 2208 16 2208
1 1104 56 2208 16 2208
1 1104 56 2208 16 2208
1 1104 56 2208 16 2208
1 1104 56 2208 16 2208
1 1104 56 2208 16 2208
1 1104 56 2208 16 2208
1 1104 56 2208 16 2208
1 1104 56 2208 16 2208
1 1104 56 2208 16 2208
1 1104 56 2208 16 2208
1 1104 56 2208 16 2208
1 1104 56 2208 16 2208
1 1104 56 2208 16 2208
1 1104 56 2208 16 2208
1 1104 56 2208 16 2208
1 1104 56 2208 16 2208
1 1104 56 2208 16 2208
1 1104 56 2208 16 2208
1 1104 56 2208 16 2208
1 1104 56 2208 16 2208
1 1104 56 2208 16 2208
1 1104 56 2208 16 2208
1 1104 56 2208 16 2208
1 1104 56 2208 16 2208
1 1104 56 2208 16 2208
1 1104 56 2208 16 2208
1 1104 56 2208 16 2208
1 1104 56 2208 16 2208
1 1104 56 2208 16 2208
1 1104 56 2208 16 2208
1 1104 56 2208 16 2208
1 1104 56 2208 16 2208
1 1104 56 2208 16 2208
1 1104 56 2208 16 2208
1 1104 56 2208 16 2208
1 1104 56 2208 16 2208
1 1104 56 2208 16 2208
1 1104 56 2208 16 2208
1 1104 56 2208 16 2208
1 1104 56 2208 16 2208
1 1104 56 2208 16 2208
1 1104 56 2208 16 2208
1 1104 56 2208 16 2208
1 1104 56 2208 16 2208
1 1104 56 2208 16 2208
1 1104 56 2208 16 2208
1 1104 56 2208 16 2208
1 1104 56 2208 16 2208
1 1104 56 2208 16 2208
1 1104 56 2208 16 2208
1 1104 56 2208 16 2208
1 1104 56 2208 16 2208
1 1104 56 2208 16 2208
1 1104 56 2208 16 2208
1 1104 56 2208 16 2208
1 1104 56 2208 16 2208
1 1104 56 2208 16 2208
1 1104 56 2208 16 2208
1 1104 56 2208 16 2208
1 1104 56 2208 16 2208
1 1104 56 2208 16 2208
1 1104 56 2208 16 2208
1 1104 56 2208 16 2208
1 1104 56 2208 16 2208
1 1104 56 2208 16 2208
1 1104 56 2208 16 2208
1 1104 56 2208 16 2208
1 1104 56 2208 16 2208
1 1104 56 2208 16 2208
1 1104 56 2208 16 2208
1 1104 56 2208 16 2208
1 1104 56 2208 16 2208
1 1104 56 2208 16 2208
1 1104 56 2208 16 2208
1 1104 56 2208 16 2208
1 1104 56 2208 16 2208
1 1104 56 2208 16 2208
1 1104 56 2208 16 2208
1 1104 56 2208 16 2208
1 1104 56 2208 16 2208
1 1104 56 2208 16 2208
1 1104 56 2208 16 2208
1 1104 56 2208 16 2208
1 1104 56 2208 16 2208
1 1104 56 2208 16 2208
1 1104 56 2208 16 2208
1 1104 56 2208 16 2208
1 1104 56 2208 16 2208
1 1104 56 2208 16 2208
1 1104 56 2208 16 2208
1 1104 56 2208 16 2208
1 1104 56 2208 16 2208
1 1104 56 2208 16 2208
1 1104 56 2208 16 2208
1 1104 56 2208 16 2208
1 1104 56 2208 16 2208
1 1104 56 2208 16 2208
13 1800 1800 64 256 3600 3600 1
13 1800 1800 64 256 64 256 3600 3600 1
131 900 2700 1800 1800 0
132 2700 2700 1800 1800 0
133 900 900 1800 1800 1
9 928 96 64 64 64 64 64 64 -1
1331 450 1350 900 900 0
1332 1350 1350 900 900 0
1333 450 450 900 900 64
1 256 56 512 16 512
1 256 56 512 16 512
1 256 56 512 16 512
1 256 56 512 16 512
1 256 56 512 16 512
1 256 56 512 16 512
1 256 56 512 16 512
1 256 56 512 16 512
1 256 56 512 16 512
1 256 56 512 16 512
1 256 56 512 16 512
1 256 56 512 16 512
1 256 56 512 16 512
1 256 56 512 16 512
1 256 56 512 16 512
1 256 56 512 16 512
1 256 56 512 16 512
1 256 56 512 16 512
1 256 56 512 16 512
1 256 56 512 16 512
1 256 56 512 16 512
1 256 56 512 16 512
1 256 56 512 16 512
1 256 56 512 16 512
1 256 56 512 16 512
1 256 56 512 16 512
1 256 56 512 16 512
1 256 56 512 16 512
1 256 56 512 16 512
1 256 56 512 16 512
1 256 56 512 16 512
1 256 56 512 16 512
1 256 56 512 16 512
1 256 56 512 16 512
1 256 56 512 16 512
1 256 56 512 16 512
1 256 56 512 16 512
1 256 56 512 16 512
1 256 56 512 16 512
1 256 56 512 16 512
1 256 56 512 16 512
1 256 56 512 16 512
1 256 56 512 16 512
1 256 56 512 16 512
1 256 56 512 16 512
1 256 56 512 16 512
1 256 56 512 16 512
1 256 56 512 16 512
1 256 56 512 16 512
1 256 56 512 16 512
1 256 56 512 16 512
1 256 56 512 16 512
1 256 56 512 16 512
1 256 56 512 16 512
1 256 56 512 16 512
1 256 56 512 16 512
1 256 56 512 16 512
1 256 56 512 16 512
1 256 56 512 16 512
1 256 56 512 16 512
1 256 56 512 16 512
1 256 56 512 16 512
1 256 56 512 16 512
1 256 56 512 16 512
13331 225 675 450 450 0
13332 675 675 450 450 0
13333 225 225 450 450 1
10 352 114 64 96 -1
13334 675 225 450 450 10
2 720 176 32 32 32 32 32 32 -1
16 688 176 32 32 32 32 32 32 -1
6 752 176 32 32 32 32 32 32 -1
6 720 304 32 32 32 32 32 32 -1
2 784 176 32 32 -1
6 688 304 32 32 -1
3 592 240 32 32 -1
3 560 240 32 32 -1
31 720 144 32 46 -1
24 722 373 32 32 -1
1334 1350 450 900 900 0
13341 1125 675 450 450 0
13342 1575 675 450 450 0
13343 1125 225 450 450 1
10 1249 112 64 96 64 96 64 96 -1
13344 1575 225 450 450 68
1 1664 56 128 16 128
1 1664 56 128 16 128
1 1664 56 128 16 128
1 1664 56 128 16 128
1 1664 56 128 16 128
1 1664 56 128 16 128
1 1664 56 128 16 128
1 1664 56 128 16 128
1 1664 56 128 16 128
1 1664 56 128 16 128
1 1664 56 128 16 128
1 1664 56 128 16 128
1 1664 56 128 16 128
1 1664 56 128 16 128
1 1664 56 128 16 128
1 1664 56 128 16 128
1 1664 56 128 16 128
1 1664 56 128 16 128
1 1664 56 128 16 128
1 1664 56 128 16 128
1 1664 56 128 16 128
1 1664 56 128 16 128
1 1664 56 128 16 128
1 1664 56 128 16 128
1 1664 56 128 16 128
1 1664 56 128 16 128
1 1664 56 128 16 128
1 1664 56 128 16 128
1 1664 56 128 16 128
1 1664 56 128 16 128
1 1664 56 128 16 128
1 1664 56 128 16 128
1 1664 56 128 16 128
1 1664 56 128 16 128
1 1664 56 128 16 128
1 1664 56 128 16 128
1 1664 56 128 16 128
1 1664 56 128 16 128
1 1664 56 128 16 128
1 1664 56 128 16 128
1 1664 56 128 16 128
1 1664 56 128 16 128
1 1664 56 128 16 128
1 1664 56 128 16 128
1 1664 56 128 16 128
1 1664 56 128 16 128
1 1664 56 128 16 128
1 1664 56 128 16 128
1 1664 56 128 16 128
1 1664 56 128 16 128
1 1664 56 128 16 128
1 1664 56 128 16 128
1 1664 56 128 16 128
1 1664 56 128 16 128
1 1664 56 128 16 128
1 1664 56 128 16 128
1 1664 56 128 16 128
1 1664 56 128 16 128
1 1664 56 128 16 128
1 1664 56 128 16 128
1 1664 56 128 16 128
1 1664 56 128 16 128
1 1664 56 128 16 128
1 1664 56 128 16 128
11 1504 128 64 128 64 128 64 128 -1
24 1392 80 32 32 -1
24 1680 368 32 32 -1
24 1734 369 32 32 -1
134 2700 900 1800 1800 137
1 2632 56 208 16 208
1 2512 56 480 16 480
1 2512 56 480 16 480
1 2512 56 480 16 480
1 2512 56 480 16 480
1 2512 56 480 16 480
1 2512 56 480 16 480
1 2512 56 480 16 480
1 2512 56 480 16 480
1 2512 56 480 16 480
1 2512 56 480 16 480
1 2512 56 480 16 480
1 2512 56 480 16 480
1 2512 56 480 16 480
1 2512 56 480 16 480
1 2512 56 480 16 480
1 2512 56 480 16 480
1 2632 56 208 16 208
1 2512 56 480 16 480
1 2512 56 480 16 480
1 2512 56 480 16 480
1 2512 56 480 16 480
1 2512 56 480 16 480
1 2512 56 480 16 480
1 2512 56 480 16 480
1 2512 56 480 16 480
1 2512 56 480 16 480
1 2512 56 480 16 480
1 2512 56 480 16 480
1 2512 56 480 16 480
1 2512 56 480 16 480
1 2512 56 480 16 480
1 2512 56 480 16 480
1 2512 56 480 16 480
1 2632 56 208 16 208
1 2512 56 480 16 480
1 2512 56 480 16 480
1 2512 56 480 16 480
1 2512 56 480 16 480
1 2512 56 480 16 480
1 2512 56 480 16 480
1 2512 56 480 16 480
1 2512 56 480 16 480
1 2512 56 480 16 480
1 2512 56 480 16 480
1 2512 56 480 16 480
1 2512 56 480 16 480
1 2512 56 480 16 480
1 2512 56 480 16 480
1 2512 56 480 16 480
1 2512 56 480 16 480
1 2632 56 208 16 208
1 2512 56 480 16 480
1 2512 56 480 16 480
1 2512 56 480 16 480
1 2512 56 480 16 480
1 2512 56 480 16 480
1 2512 56 480 16 480
1 2512 56 480 16 480
1 2512 56 480 16 480
1 2512 56 480 16 480
1 2512 56 480 16 480
1 2512 56 480 16 480
1 2512 56 480 16 480
1 2512 56 480 16 480
1 2512 56 480 16 480
1 2512 56 480 16 480
1 2512 56 480 16 480
1 2632 56 208 16 208
1 2512 56 480 16 480
1 2512 56 480 16 480
1 2512 56 480 16 480
1 2512 56 480 16 480
1 2512 56 480 16 480
1 2512 56 480 16 480
1 2512 56 480 16 480
1 2512 56 480 16 480
1 2512 56 480 16 480
1 2512 56 480 16 480
1 2512 56 480 16 480
1 2512 56 480 16 480
1 2512 56 480 16 480
1 2512 56 480 16 480
1 2512 56 480 16 480
1 2512 56 480 16 480
1 2632 56 208 16 208
1 2512 56 480 16 480
1 2512 56 480 16 480
1 2512 56 480 16 480
1 2512 56 480 16 480
1 2512 56 480 16 480
1 2512 56 480 16 480
1 2512 56 480 16 480
1 2512 56 480 16 480
1 2512 56 480 16 480
1 2512 56 480 16 480
1 2512 56 480 16 480
1 2512 56 480 16 480
1 2512 56 480 16 480
1 2512 56 480 16 480
1 2512 56 480 16 480
1 2512 56 480 16 480
1 2632 56 208 16 208
1 2512 56 480 16 480
1 2512 56 480 16 480
1 2512 56 480 16 480
1 2512 56 480 16 480
1 2512 56 480 16 480
1 2512 56 480 16 480
1 2512 56 480 16 480
1 2512 56 480 16 480
1 2512 56 480 16 480
1 2512 56 480 16 480
1 2512 56 480 16 480
1 2512 56 480 16 480
1 2512 56 480 16 480
1 2512 56 480 16 480
1 2512 56 480 16 480
1 2512 56 480 16 480
1 2632 56 208 16 208
1 2512 56 480 16 480
1 2512 56 480 16 480
1 2512 56 480 16 480
1 2512 56 480 16 480
1 2512 56 480 16 480
1 2512 56 480 16 480
1 2512 56 480 16 480
1 2512 56 480 16 480
1 2512 56 480 16 480
1 2512 56 480 16 480
1 2512 56 480 16 480
1 2512 56 480 16 480
1 2512 56 480 16 480
1 2512 56 480 16 480
1 2512 56 480 16 480
1 2512 56 480 16 480
2 2704 304 32 32 32 32 32 32 -1
1341 2250 1350 900 900 0
1342 3150 1350 900 900 0
1343 2250 450 900 900 0
13431 2025 675 450 450 0
13432 2475 675 450 450 0
13433 2025 225 450 450 66
1 1968 56 160 16 160
1 1968 56 160 16 160
1 1968 56 160 16 160
1 1968 56 160 16 160
1 1968 56 160 16 160
1 1968 56 160 16 160
1 1968 56 160 16 160
1 1968 56 160 16 160
1 1968 56 160 16 160
1 1968 56 160 16 160
1 1968 56 160 16 160
1 1968 56 160 16 160
1 1968 56 160 16 160
1 1968 56 160 16 160
1 1968 56 160 16 160
1 1968 56 160 16 160
1 1968 56 160 16 160
1 1968 56 160 16 160
1 1968 56 160 16 160
1 1968 56 160 16 160
1 1968 56 160 16 160
1 1968 56 160 16 160
1 1968 56 160 16 160
1 1968 56 160 16 160
1 1968 56 160 16 160
1 1968 56 160 16 160
1 1968 56 160 16 160
1 1968 56 160 16 160
1 1968 56 160 16 160
1 1968 56 160 16 160
1 1968 56 160 16 160
1 1968 56 160 16 160
1 1968 56 160 16 160
1 1968 56 160 16 160
1 1968 56 160 16 160
1 1968 56 160 16 160
1 1968 56 160 16 160
1 1968 56 160 16 160
1 1968 56 160 16 160
1 1968 56 160 16 160
1 1968 56 160 16 160
1 1968 56 160 16 160
1 1968 56 160 16 160
1 1968 56 160 16 160
1 1968 56 160 16 160
1 1968 56 160 16 160
1 1968 56 160 16 160
1 1968 56 160 16 160
1 1968 56 160 16 160
1 1968 56 160 16 160
1 1968 56 160 16 160
1 1968 56 160 16 160
1 1968 56 160 16 160
1 1968 56 160 16 160
1 1968 56 160 16 160
1 1968 56 160 16 160
1 1968 56 160 16 160
1 1968 56 160 16 160
1 1968 56 160 16 160
1 1968 56 160 16 160
1 1968 56 160 16 160
1 1968 56 160 16 160
1 1968 56 160 16 160
1 1968 56 160 16 160
11 1856 128 64 128 64 128 64 128 u1_1
17 2064 208 32 32 32 32 32 32 invi
13434 2475 225 450 450 18
1 2424 56 272 16 272
1 2424 56 272 16 272
1 2424 56 272 16 272
1 2424 56 272 16 272
1 2424 56 272 16 272
1 2424 56 272 16 272
1 2424 56 272 16 272
1 2424 56 272 16 272
2 2672 304 32 32 32 32 32 32 -1
2 2576 304 32 32 -1
2 2608 304 32 32 -1
2 2640 304 32 32 -1
2 2480 176 32 32 -1
2 2544 176 32 32 -1
2 2512 176 32 32 -1
24 2512 208 32 32 -1
24 2643 377 32 32 -1
24 2607 339 32 32 -1
1344 3150 450 900 900 0
13441 2925 675 450 450 0
13442 3375 675 450 450 0
13443 2925 225 450 450 9
20 3024 176 32 32 32 32 32 32 -1
2 2736 304 32 32 32 32 32 32 -1
2 2768 304 32 32 32 32 32 32 -1
2 2800 304 32 32 32 32 32 32 -1
2 2928 304 32 32 32 32 32 32 -1
2 2960 304 32 32 32 32 32 32 -1
2 2992 304 32 32 32 32 32 32 -1
6 3024 304 32 32 32 32 32 32 -1
2 2832 304 32 32 -1
13444 3375 225 450 450 5
2 3216 176 32 32 32 32 32 32 -1
22 3248 176 32 32 32 32 32 32 -1
6 3408 176 32 32 32 32 32 32 -1
6 3504 176 32 32 32 32 32 32 -1
16 3504 304 32 32 32 32 32 32 -1
14 5400 1800 3600 3600 195
1 6064 56 2208 16 2208
1 4872 56 1488 16 1488
1 6064 56 2208 16 2208
1 6064 56 2208 16 2208
1 4872 56 1488 16 1488
1 6064 56 2208 16 2208
1 6064 56 2208 16 2208
1 4872 56 1488 16 1488
1 6064 56 2208 16 2208
1 6064 56 2208 16 2208
1 4872 56 1488 16 1488
1 6064 56 2208 16 2208
1 6064 56 2208 16 2208
1 4872 56 1488 16 1488
1 6064 56 2208 16 2208
1 6064 56 2208 16 2208
1 4872 56 1488 16 1488
1 6064 56 2208 16 2208
1 6064 56 2208 16 2208
1 4872 56 1488 16 1488
1 6064 56 2208 16 2208
1 6064 56 2208 16 2208
1 4872 56 1488 16 1488
1 6064 56 2208 16 2208
1 6064 56 2208 16 2208
1 4872 56 1488 16 1488
1 6064 56 2208 16 2208
1 6064 56 2208 16 2208
1 4872 56 1488 16 1488
1 6064 56 2208 16 2208
1 6064 56 2208 16 2208
1 4872 56 1488 16 1488
1 6064 56 2208 16 2208
1 6064 56 2208 16 2208
1 4872 56 1488 16 1488
1 6064 56 2208 16 2208
1 6064 56 2208 16 2208
1 4872 56 1488 16 1488
1 6064 56 2208 16 2208
1 6064 56 2208 16 2208
1 4872 56 1488 16 1488
1 6064 56 2208 16 2208
1 6064 56 2208 16 2208
1 4872 56 1488 16 1488
1 6064 56 2208 16 2208
1 6064 56 2208 16 2208
1 4872 56 1488 16 1488
1 6064 56 2208 16 2208
1 6064 56 2208 16 2208
1 4872 56 1488 16 1488
1 6064 56 2208 16 2208
1 6064 56 2208 16 2208
1 4872 56 1488 16 1488
1 6064 56 2208 16 2208
1 6064 56 2208 16 2208
1 4872 56 1488 16 1488
1 6064 56 2208 16 2208
1 6064 56 2208 16 2208
1 4872 56 1488 16 1488
1 6064 56 2208 16 2208
1 6064 56 2208 16 2208
1 4872 56 1488 16 1488
1 6064 56 2208 16 2208
1 6064 56 2208 16 2208
1 4872 56 1488 16 1488
1 6064 56 2208 16 2208
1 6064 56 2208 16 2208
1 4872 56 1488 16 1488
1 6064 56 2208 16 2208
1 6064 56 2208 16 2208
1 4872 56 1488 16 1488
1 6064 56 2208 16 2208
1 6064 56 2208 16 2208
1 4872 56 1488 16 1488
1 6064 56 2208 16 2208
1 6064 56 2208 16 2208
1 4872 56 1488 16 1488
1 6064 56 2208 16 2208
1 6064 56 2208 16 2208
1 4872 56 1488 16 1488
1 6064 56 2208 16 2208
1 6064 56 2208 16 2208
1 4872 56 1488 16 1488
1 6064 56 2208 16 2208
1 6064 56 2208 16 2208
1 4872 56 1488 16 1488
1 6064 56 2208 16 2208
1 6064 56 2208 16 2208
1 4872 56 1488 16 1488
1 6064 56 2208 16 2208
1 6064 56 2208 16 2208
1 4872 56 1488 16 1488
1 6064 56 2208 16 2208
1 6064 56 2208 16 2208
1 4872 56 1488 16 1488
1 6064 56 2208 16 2208
1 6064 56 2208 16 2208
1 4872 56 1488 16 1488
1 6064 56 2208 16 2208
1 6064 56 2208 16 2208
1 4872 56 1488 16 1488
1 6064 56 2208 16 2208
1 6064 56 2208 16 2208
1 4872 56 1488 16 1488
1 6064 56 2208 16 2208
1 6064 56 2208 16 2208
1 4872 56 1488 16 1488
1 6064 56 2208 16 2208
1 6064 56 2208 16 2208
1 4872 56 1488 16 1488
1 6064 56 2208 16 2208
1 6064 56 2208 16 2208
1 4872 56 1488 16 1488
1 6064 56 2208 16 2208
1 6064 56 2208 16 2208
1 4872 56 1488 16 1488
1 6064 56 2208 16 2208
1 6064 56 2208 16 2208
1 4872 56 1488 16 1488
1 6064 56 2208 16 2208
1 6064 56 2208 16 2208
1 4872 56 1488 16 1488
1 6064 56 2208 16 2208
1 6064 56 2208 16 2208
1 4872 56 1488 16 1488
1 6064 56 2208 16 2208
1 6064 56 2208 16 2208
1 4872 56 1488 16 1488
1 6064 56 2208 16 2208
1 6064 56 2208 16 2208
1 4872 56 1488 16 1488
1 6064 56 2208 16 2208
1 6064 56 2208 16 2208
1 4872 56 1488 16 1488
1 6064 56 2208 16 2208
1 6064 56 2208 16 2208
1 4872 56 1488 16 1488
1 6064 56 2208 16 2208
1 6064 56 2208 16 2208
1 4872 56 1488 16 1488
1 6064 56 2208 16 2208
1 6064 56 2208 16 2208
1 4872 56 1488 16 1488
1 6064 56 2208 16 2208
1 6064 56 2208 16 2208
1 4872 56 1488 16 1488
1 6064 56 2208 16 2208
1 6064 56 2208 16 2208
1 4872 56 1488 16 1488
1 6064 56 2208 16 2208
1 6064 56 2208 16 2208
1 4872 56 1488 16 1488
1 6064 56 2208 16 2208
1 6064 56 2208 16 2208
1 4872 56 1488 16 1488
1 6064 56 2208 16 2208
1 6064 56 2208 16 2208
1 4872 56 1488 16 1488
1 6064 56 2208 16 2208
1 6064 56 2208 16 2208
1 4872 56 1488 16 1488
1 6064 56 2208 16 2208
1 6064 56 2208 16 2208
1 4872 56 1488 16 1488
1 6064 56 2208 16 2208
1 6064 56 2208 16 2208
1 4872 56 1488 16 1488
1 6064 56 2208 16 2208
1 6064 56 2208 16 2208
1 4872 56 1488 16 1488
1 6064 56 2208 16 2208
1 6064 56 2208 16 2208
1 4872 56 1488 16 1488
1 6064 56 2208 16 2208
1 6064 56 2208 16 2208
1 4872 56 1488 16 1488
1 6064 56 2208 16 2208
1 6064 56 2208 16 2208
1 4872 56 1488 16 1488
1 6064 56 2208 16 2208
1 6064 56 2208 16 2208
1 4872 56 1488 16 1488
1 6064 56 2208 16 2208
1 6064 56 2208 16 2208
1 4872 56 1488 16 1488
1 6064 56 2208 16 2208
1 6064 56 2208 16 2208
1 4872 56 1488 16 1488
1 6064 56 2208 16 2208
1 6064 56 2208 16 2208
1 4872 56 1488 16 1488
1 6064 56 2208 16 2208
14 5400 1800 64 352 3600 3600 2
14 5400 1800 64 352 64 352 3600 3600 2
2 5392 176 32 32 32 32 32 32 -1
141 4500 2700 1800 1800 0
142 6300 2700 1800 1800 0
143 4500 900 1800 1800 4
4 4496 176 32 32 32 32 32 32 -1
4 4496 144 32 32 32 32 32 32 -1
4 4496 112 32 32 32 32 32 32 -1
4 4496 80 32 32 32 32 32 32 -1
1431 4050 1350 900 900 0
1432 4950 1350 900 900 0
1433 4050 450 900 900 0
14331 3825 675 450 450 0
14332 4275 675 450 450 0
14333 3825 225 450 450 68
1 3664 56 96 16 96
1 3664 56 96 16 96
1 3664 56 96 16 96
1 3664 56 96 16 96
1 3664 56 96 16 96
1 3664 56 96 16 96
1 3664 56 96 16 96
1 3664 56 96 16 96
1 3664 56 96 16 96
1 3664 56 96 16 96
1 3664 56 96 16 96
1 3664 56 96 16 96
1 3664 56 96 16 96
1 3664 56 96 16 96
1 3664 56 96 16 96
1 3664 56 96 16 96
1 3664 56 96 16 96
1 3664 56 96 16 96
1 3664 56 96 16 96
1 3664 56 96 16 96
1 3664 56 96 16 96
1 3664 56 96 16 96
1 3664 56 96 16 96
1 3664 56 96 16 96
1 3664 56 96 16 96
1 3664 56 96 16 96
1 3664 56 96 16 96
1 3664 56 96 16 96
1 3664 56 96 16 96
1 3664 56 96 16 96
1 3664 56 96 16 96
1 3664 56 96 16 96
1 3664 56 96 16 96
1 3664 56 96 16 96
1 3664 56 96 16 96
1 3664 56 96 16 96
1 3664 56 96 16 96
1 3664 56 96 16 96
1 3664 56 96 16 96
1 3664 56 96 16 96
1 3664 56 96 16 96
1 3664 56 96 16 96
1 3664 56 96 16 96
1 3664 56 96 16 96
1 3664 56 96 16 96
1 3664 56 96 16 96
1 3664 56 96 16 96
1 3664 56 96 16 96
1 3664 56 96 16 96
1 3664 56 96 16 96
1 3664 56 96 16 96
1 3664 56 96 16 96
1 3664 56 96 16 96
1 3664 56 96 16 96
1 3664 56 96 16 96
1 3664 56 96 16 96
1 3664 56 96 16 96
1 3664 56 96 16 96
1 3664 56 96 16 96
1 3664 56 96 16 96
1 3664 56 96 16 96
1 3664 56 96 16 96
1 3664 56 96 16 96
1 3664 56 96 16 96
2 3888 304 32 32 32 32 32 32 -1
2 3920 304 32 32 32 32 32 32 -1
2 3952 304 32 32 32 32 32 32 -1
2 3792 176 32 32 -1
14334 4275 225 450 450 16
2 4144 176 32 32 32 32 32 32 -1
2 4176 176 32 32 32 32 32 32 -1
2 4112 304 32 32 32 32 32 32 -1
2 4208 304 32 32 32 32 32 32 -1
6 4144 304 32 32 32 32 32 32 -1
6 4176 304 32 32 32 32 32 32 -1
4 4304 80 32 32 32 32 32 32 -1
4 4336 80 32 32 32 32 32 32 -1
4 4368 80 32 32 32 32 32 32 -1
4 4400 80 32 32 32 32 32 32 -1
4 4400 112 32 32 32 32 32 32 -1
4 4368 112 32 32 32 32 32 32 -1
4 4336 112 32 32 32 32 32 32 -1
4 4368 144 32 32 32 32 32 32 -1
4 4400 144 32 32 32 32 32 32 -1
4 4400 176 32 32 32 32 32 32 -1
1434 4950 450 900 900 0
14341 4725 675 450 450 0
14342 5175 675 450 450 0
14343 4725 225 450 450 20
4 4528 80 32 32 32 32 32 32 -1
4 4560 80 32 32 32 32 32 32 -1
4 4592 80 32 32 32 32 32 32 -1
4 4560 112 32 32 32 32 32 32 -1
4 4528 112 32 32 32 32 32 32 -1
4 4528 144 32 32 32 32 32 32 -1
4 4752 80 32 32 32 32 32 32 -1
4 4784 80 32 32 32 32 32 32 -1
4 4816 80 32 32 32 32 32 32 -1
4 4848 80 32 32 32 32 32 32 -1
4 4880 80 32 32 32 32 32 32 -1
4 4880 112 32 32 32 32 32 32 -1
4 4848 112 32 32 32 32 32 32 -1
4 4816 112 32 32 32 32 32 32 -1
4 4784 112 32 32 32 32 32 32 -1
4 4848 144 32 32 32 32 32 32 -1
4 4880 144 32 32 32 32 32 32 -1
4 4880 176 32 32 32 32 32 32 -1
4 4848 176 32 32 32 32 32 32 -1
4 4816 144 32 32 32 32 32 32 -1
14344 5175 225 450 450 11
4 4976 176 32 32 32 32 32 32 -1
4 4976 144 32 32 32 32 32 32 -1
4 5008 144 32 32 32 32 32 32 -1
4 4976 112 32 32 32 32 32 32 -1
4 5008 112 32 32 32 32 32 32 -1
4 5040 112 32 32 32 32 32 32 -1
4 5040 80 32 32 32 32 32 32 -1
4 5008 80 32 32 32 32 32 32 -1
4 4976 80 32 32 32 32 32 32 -1
4 5072 80 32 32 32 32 32 32 -1
9 5248 95 64 64 64 64 64 64 -1
144 6300 900 1800 1800 0
1441 5850 1350 900 900 0
1442 6750 1350 900 900 0
1443 5850 450 900 900 2
4 5840 112 32 32 32 32 32 32 -1
4 5840 80 32 32 32 32 32 32 -1
14431 5625 675 450 450 0
14432 6075 675 450 450 0
14433 5625 225 450 450 7
9 5760 96 64 64 64 64 64 64 -1
2 5424 176 32 32 32 32 32 32 -1
2 5488 176 32 32 32 32 32 32 -1
6 5456 176 32 32 32 32 32 32 -1
4 5808 80 32 32 32 32 32 32 -1
24 5586 209 32 32 -1
24 5629 208 32 32 -1
14434 6075 225 450 450 41
4 6064 80 32 32 32 32 32 32 -1
4 6064 112 32 32 32 32 32 32 -1
4 6064 144 32 32 32 32 32 32 -1
4 6064 176 32 32 32 32 32 32 -1
4 6064 208 32 32 32 32 32 32 -1
4 6064 240 32 32 32 32 32 32 -1
4 6064 272 32 32 32 32 32 32 -1
4 6064 304 32 32 32 32 32 32 -1
4 6032 304 32 32 32 32 32 32 -1
4 6032 272 32 32 32 32 32 32 -1
4 6000 272 32 32 32 32 32 32 -1
4 5968 240 32 32 32 32 32 32 -1
4 5936 208 32 32 32 32 32 32 -1
4 5904 176 32 32 32 32 32 32 -1
4 5872 144 32 32 32 32 32 32 -1
4 6032 240 32 32 32 32 32 32 -1
4 6000 240 32 32 32 32 32 32 -1
4 6032 208 32 32 32 32 32 32 -1
4 6000 208 32 32 32 32 32 32 -1
4 5968 208 32 32 32 32 32 32 -1
4 6032 176 32 32 32 32 32 32 -1
4 6000 176 32 32 32 32 32 32 -1
4 5968 176 32 32 32 32 32 32 -1
4 5936 176 32 32 32 32 32 32 -1
4 6032 144 32 32 32 32 32 32 -1
4 5968 144 32 32 32 32 32 32 -1
4 6000 144 32 32 32 32 32 32 -1
4 5936 144 32 32 32 32 32 32 -1
4 5904 144 32 32 32 32 32 32 -1
4 6032 112 32 32 32 32 32 32 -1
4 6000 112 32 32 32 32 32 32 -1
4 6000 80 32 32 32 32 32 32 -1
4 6032 80 32 32 32 32 32 32 -1
4 5968 80 32 32 32 32 32 32 -1
4 5968 112 32 32 32 32 32 32 -1
4 5936 112 32 32 32 32 32 32 -1
4 5936 80 32 32 32 32 32 32 -1
4 5904 80 32 32 32 32 32 32 -1
4 5904 112 32 32 32 32 32 32 -1
4 5872 80 32 32 32 32 32 32 -1
4 5872 112 32 32 32 32 32 32 -1
1444 6750 450 900 900 0
14441 6525 675 450 450 0
14442 6975 675 450 450 0
14443 6525 225 450 450 2
4 6352 80 32 32 32 32 32 32 -1
7 6341 248 40 304 40 304 40 304 -1
14444 6975 225 450 450 0
