1 448 56 896
1 1088 56 256
1 1376 56 192
2 80 176 -1
2 146 175 -1
2 209 177 -1
8 527 177 -1
8 722 303 -1
8 691 176 -1
8 753 175 -1
2 658 176 -1
2 720 175 -1
2 785 176 -1
2 2481 177 -1
2 2544 175 -1
8 2513 175 -1
2 3025 175 -1
2 3217 176 -1
2 3249 176 -1
8 3408 177 -1
8 3505 175 -1
8 3600 176 -1
2 3794 176 -1
2 4144 177 -1
2 4178 176 -1
4 4400 177 -1
4 4369 142 -1
4 4337 111 -1
4 4305 80 -1
4 4498 177 -1
4 4527 146 -1
4 4558 111 -1
4 4590 82 -1
4 4751 81 -1
4 4785 112 -1
4 4816 144 -1
4 4848 176 -1
4 4881 175 -1
4 4977 175 -1
4 5010 142 -1
4 5040 109 -1
4 5074 78 -1
11 928 95 -1
14 1249 110 -1
15 1505 131 -1
15 1858 129 -1
11 5251 95 -1
11 5761 96 -1
2 5395 175 -1
2 5425 175 -1
2 5486 174 -1
8 5457 176 -1
4 5809 81 -1
4 5839 111 -1
4 5873 143 -1
4 5906 174 -1
4 5935 206 -1
4 5968 240 -1
4 6001 272 -1
4 6031 303 -1
4 6065 301 -1
4 6353 79 -1
