1 272 56 544
14 513 241 -1
12 464 96 m1_1
3 16 400 -1
3 16 368 -1
3 16 336 -1
3 16 304 -1
3 16 272 -1
3 16 240 -1
3 16 208 -1
3 16 176 -1
3 16 144 -1
3 16 112 -1
3 16 80 -1
3 144 144 -1
3 176 144 -1
3 208 144 -1
3 240 144 -1
3 272 144 -1
3 304 144 -1
3 336 144 -1
3 336 112 -1
3 304 112 -1
3 272 112 -1
3 240 112 -1
3 208 112 -1
3 176 112 -1
3 144 112 -1
3 144 80 -1
3 176 80 -1
3 208 80 -1
3 240 80 -1
3 272 80 -1
3 304 80 -1
3 336 80 -1
3 144 400 -1
3 176 400 -1
3 208 400 -1
3 240 400 -1
3 272 400 -1
3 304 400 -1
3 336 400 -1
15 147 175 -1
15 180 175 -1
15 212 175 -1
15 242 176 -1
15 275 176 -1
15 306 176 -1
15 337 176 -1
15 147 241 -1
15 178 240 -1
15 210 240 -1
15 242 240 -1
15 271 240 -1
15 306 240 -1
15 338 240 -1
15 180 304 -1
15 212 304 -1
15 242 304 -1
15 274 304 -1
15 305 304 -1
