1 3600 3600 7200 7200 0
11 1800 5400 3600 3600 0
12 5400 5400 3600 3600 0
13 1800 1800 3600 3600 0
131 900 2700 1800 1800 0
132 2700 2700 1800 1800 0
133 900 900 1800 1800 0
1331 450 1350 900 900 0
1332 1350 1350 900 900 0
1333 450 450 900 900 0
13331 225 675 450 450 0
13332 675 675 450 450 0
13333 225 225 450 450 4
1 448 56 896 16 896
2 80 176 32 32 -1
2 146 175 32 32 -1
2 209 177 32 32 -1
13334 675 225 450 450 9
1 448 56 896 16 896
8 527 177 32 32 -1
8 722 303 32 32 -1
8 691 176 32 32 -1
8 753 175 32 32 -1
2 658 176 32 32 -1
2 720 175 32 32 -1
2 785 176 32 32 -1
11 928 95 64 64 -1
1334 1350 450 900 900 0
13341 1125 675 450 450 0
13342 1575 675 450 450 0
13343 1125 225 450 450 4
1 1088 56 256 16 -1
1 1376 56 192 16 -1
11 928 95 64 64 -1
14 1249 110 64 96 -1
13344 1575 225 450 450 2
1 1376 56 192 16 -1
15 1505 131 64 128 -1
134 2700 900 1800 1800 0
1341 2250 1350 900 900 0
1342 3150 1350 900 900 0
1343 2250 450 900 900 0
13431 2025 675 450 450 0
13432 2475 675 450 450 0
13433 2025 225 450 450 1
15 1858 129 64 128 -1
13434 2475 225 450 450 3
2 2481 177 32 32 -1
2 2544 175 32 32 -1
8 2513 175 32 32 -1
1344 3150 450 900 900 0
13441 2925 675 450 450 0
13442 3375 675 450 450 0
13443 2925 225 450 450 1
2 3025 175 32 32 -1
13444 3375 225 450 450 5
2 3217 176 32 32 -1
2 3249 176 32 32 -1
8 3408 177 32 32 -1
8 3505 175 32 32 -1
8 3600 176 32 32 -1
14 5400 1800 3600 3600 0
141 4500 2700 1800 1800 0
142 6300 2700 1800 1800 0
143 4500 900 1800 1800 0
1431 4050 1350 900 900 0
1432 4950 1350 900 900 0
1433 4050 450 900 900 0
14331 3825 675 450 450 0
14332 4275 675 450 450 0
14333 3825 225 450 450 2
8 3600 176 32 32 -1
2 3794 176 32 32 -1
14334 4275 225 450 450 7
2 4144 177 32 32 -1
2 4178 176 32 32 -1
4 4400 177 32 32 -1
4 4369 142 32 32 -1
4 4337 111 32 32 -1
4 4305 80 32 32 -1
4 4498 177 32 32 -1
1434 4950 450 900 900 0
14341 4725 675 450 450 0
14342 5175 675 450 450 0
14343 4725 225 450 450 9
4 4498 177 32 32 -1
4 4527 146 32 32 -1
4 4558 111 32 32 -1
4 4590 82 32 32 -1
4 4751 81 32 32 -1
4 4785 112 32 32 -1
4 4816 144 32 32 -1
4 4848 176 32 32 -1
4 4881 175 32 32 -1
14344 5175 225 450 450 6
4 4977 175 32 32 -1
4 5010 142 32 32 -1
4 5040 109 32 32 -1
4 5074 78 32 32 -1
11 5251 95 64 64 -1
2 5395 175 32 32 -1
144 6300 900 1800 1800 0
1441 5850 1350 900 900 0
1442 6750 1350 900 900 0
1443 5850 450 900 900 0
14431 5625 675 450 450 0
14432 6075 675 450 450 0
14433 5625 225 450 450 7
11 5761 96 64 64 -1
2 5395 175 32 32 -1
2 5425 175 32 32 -1
2 5486 174 32 32 -1
8 5457 176 32 32 -1
4 5809 81 32 32 -1
4 5839 111 32 32 -1
14434 6075 225 450 450 8
4 5839 111 32 32 -1
4 5873 143 32 32 -1
4 5906 174 32 32 -1
4 5935 206 32 32 -1
4 5968 240 32 32 -1
4 6001 272 32 32 -1
4 6031 303 32 32 -1
4 6065 301 32 32 -1
1444 6750 450 900 900 0
14441 6525 675 450 450 0
14442 6975 675 450 450 0
14443 6525 225 450 450 1
4 6353 79 32 32 -1
14444 6975 225 450 450 0
