1 480 480 960 960 2
1 272 56 544 16 544
12 464 96 96 64 m1_1
11 240 720 480 480 0
12 720 720 480 480 0
13 240 240 480 480 58
3 16 400 32 32 -1
3 16 368 32 32 -1
3 16 336 32 32 -1
3 16 304 32 32 -1
3 16 272 32 32 -1
3 16 240 32 32 -1
3 16 208 32 32 -1
3 16 176 32 32 -1
3 16 144 32 32 -1
3 16 112 32 32 -1
3 16 80 32 32 -1
3 144 144 32 32 -1
3 176 144 32 32 -1
3 208 144 32 32 -1
3 240 144 32 32 -1
3 272 144 32 32 -1
3 304 144 32 32 -1
3 336 144 32 32 -1
3 336 112 32 32 -1
3 304 112 32 32 -1
3 272 112 32 32 -1
3 240 112 32 32 -1
3 208 112 32 32 -1
3 176 112 32 32 -1
3 144 112 32 32 -1
3 144 80 32 32 -1
3 176 80 32 32 -1
3 208 80 32 32 -1
3 240 80 32 32 -1
3 272 80 32 32 -1
3 304 80 32 32 -1
3 336 80 32 32 -1
3 144 400 32 32 -1
3 176 400 32 32 -1
3 208 400 32 32 -1
3 240 400 32 32 -1
3 272 400 32 32 -1
3 304 400 32 32 -1
3 336 400 32 32 -1
15 147 175 20 28 -1
15 180 175 20 28 -1
15 212 175 20 28 -1
15 242 176 20 28 -1
15 275 176 20 28 -1
15 306 176 20 28 -1
15 337 176 20 28 -1
15 147 241 20 28 -1
15 178 240 20 28 -1
15 210 240 20 28 -1
15 242 240 20 28 -1
15 271 240 20 28 -1
15 306 240 20 28 -1
15 338 240 20 28 -1
15 180 304 20 28 -1
15 212 304 20 28 -1
15 242 304 20 28 -1
15 274 304 20 28 -1
15 305 304 20 28 -1
14 720 240 480 480 1
14 513 241 64 352 -1
