1 1280 56 2560
1 3248 56 1184
1 3936 56 64
1 4224 56 384
1 4768 56 256
1 5632 56 1024
3 16 400 -1
3 16 368 -1
3 16 336 -1
3 16 304 -1
3 16 272 -1
3 16 240 -1
3 16 208 -1
3 16 176 -1
3 16 144 -1
3 16 112 -1
3 16 80 -1
3 208 400 -1
3 240 400 -1
3 272 400 -1
3 304 400 -1
3 336 400 -1
3 368 400 -1
3 400 400 -1
3 432 400 -1
3 464 400 -1
3 496 400 -1
3 528 400 -1
3 560 400 -1
3 592 400 -1
3 624 400 -1
3 656 400 -1
3 688 400 -1
3 720 400 -1
3 752 400 -1
3 784 400 -1
3 816 400 -1
3 848 400 -1
3 880 400 -1
3 912 400 -1
3 944 400 -1
3 976 400 -1
3 1008 400 -1
3 1040 400 -1
3 1072 400 -1
3 1104 400 -1
3 1136 400 -1
3 1168 400 -1
3 1200 400 -1
16 336 176 -1
6 368 176 -1
6 400 176 -1
6 432 176 -1
6 464 176 -1
3 1232 400 -1
3 1264 400 -1
3 1296 400 -1
3 1328 400 -1
3 1360 400 -1
3 1392 400 -1
3 1424 400 -1
3 1456 400 -1
3 1520 400 -1
3 1488 400 -1
3 1552 400 -1
3 1584 400 -1
3 1616 400 -1
3 1648 400 -1
3 1680 400 -1
3 1712 400 -1
3 1744 400 -1
3 1776 400 -1
3 1808 400 -1
3 1840 400 -1
3 1872 400 -1
3 1904 400 -1
3 1936 400 -1
3 1968 400 -1
3 1264 240 -1
3 1264 208 -1
3 1264 176 -1
3 1296 176 -1
3 1328 176 -1
3 1328 208 -1
3 1328 240 -1
3 1360 240 -1
3 1392 240 -1
3 1424 240 -1
3 1424 208 -1
3 1424 176 -1
3 1456 176 -1
3 1488 208 -1
23 1488 240 -1
15 1296 207 -1
15 1457 208 -1
15 1328 302 -1
15 1361 302 -1
15 1394 302 -1
15 1424 303 -1
3 1488 176 -1
21 944 208 -1
29 1424 93 -1
29 1482 92 -1
5 560 80 -1
5 624 80 -1
5 624 112 -1
5 688 80 -1
5 688 112 -1
5 688 144 -1
5 752 176 -1
5 752 144 -1
5 752 112 -1
5 752 80 -1
5 816 80 -1
5 816 112 -1
5 816 144 -1
5 816 176 -1
5 880 144 -1
5 880 112 -1
5 880 80 -1
5 1008 80 -1
5 1008 144 -1
5 1072 80 -1
5 1072 112 -1
5 1008 112 -1
3 1744 368 -1
3 1776 368 -1
3 1776 336 -1
3 1744 336 -1
3 1680 304 -1
3 1712 272 -1
3 1680 240 -1
3 1680 272 -1
3 1712 304 -1
3 1712 240 -1
3 1712 208 -1
3 1680 208 -1
3 1680 176 -1
3 1744 176 -1
3 1776 176 -1
3 1776 144 -1
3 1744 144 -1
3 1744 112 -1
3 1776 112 -1
3 1712 176 -1
3 1872 368 -1
3 1872 336 -1
3 1904 336 -1
3 1904 368 -1
3 1936 368 -1
3 1936 336 -1
3 1968 336 -1
3 1968 368 -1
3 2000 400 -1
3 2032 400 -1
3 2032 368 -1
3 2000 368 -1
3 2000 336 -1
3 2032 336 -1
3 2032 304 -1
3 2000 304 -1
3 2032 272 -1
3 2000 272 -1
3 2000 240 -1
3 2000 208 -1
3 2000 176 -1
3 1968 176 -1
3 1936 176 -1
3 1904 176 -1
3 1872 176 -1
3 2032 176 -1
3 2032 208 -1
3 2032 240 -1
15 1874 208 -1
15 1904 208 -1
15 1936 209 -1
15 1969 210 -1
29 1905 87 -1
25 2000 80 -1
25 2064 80 -1
3 2064 400 -1
3 2096 400 -1
3 2128 400 -1
3 2160 400 -1
3 2192 400 -1
3 2224 400 -1
3 2224 368 -1
3 2224 336 -1
3 2192 336 -1
3 2192 368 -1
3 2160 368 -1
3 2160 336 -1
3 2128 336 -1
3 2128 368 -1
3 2160 304 -1
3 2160 272 -1
3 2160 240 -1
3 2160 208 -1
3 2160 176 -1
3 2192 176 -1
3 2224 176 -1
18 2224 208 -1
15 2193 209 -1
3 2256 400 -1
3 2288 400 -1
3 2320 400 -1
3 2352 400 -1
3 2384 400 -1
3 2416 400 -1
3 2448 400 -1
3 2480 400 -1
3 2512 400 -1
3 2544 400 -1
3 2512 368 -1
3 2448 368 -1
3 2448 336 -1
3 2512 336 -1
3 2544 336 -1
3 2480 368 -1
3 2480 336 -1
3 2544 368 -1
3 2320 304 -1
3 2320 272 -1
3 2320 240 -1
3 2320 208 -1
3 2320 176 -1
3 2352 176 -1
3 2352 240 -1
3 2352 272 -1
3 2352 304 -1
3 2448 176 -1
3 2512 176 -1
3 2544 176 -1
3 2480 176 -1
21 2352 208 -1
25 2352 336 -1
25 2448 208 -1
25 2501 208 -1
3 2576 400 -1
3 2608 400 -1
3 2640 400 -1
3 2672 400 -1
3 2704 400 -1
3 2736 400 -1
3 2768 400 -1
3 2800 400 -1
3 2832 400 -1
19 2864 400 -1
3 2704 240 -1
3 2736 240 -1
3 2736 208 -1
3 2704 208 -1
3 2768 208 -1
3 2768 240 -1
3 2800 240 -1
3 2800 208 -1
3 2832 208 -1
3 2832 240 -1
3 2864 240 -1
3 2864 208 -1
3 2896 400 -1
3 2928 400 -1
3 2960 400 -1
3 2992 400 -1
3 3024 400 -1
3 3056 400 -1
3 3120 400 -1
3 3088 400 -1
3 3152 400 -1
3 3184 400 -1
3 3216 400 -1
3 3248 400 -1
3 3280 400 -1
3 3312 400 -1
15 2704 304 -1
15 2734 304 -1
15 2768 303 -1
15 2801 301 -1
15 2833 302 -1
15 2863 302 -1
25 3184 80 -1
25 3232 81 -1
25 3280 80 -1
10 3329 111 -1
27 3328 181 -1
11 3522 129 -1
27 3520 214 -1
3 3344 400 -1
3 3376 400 -1
3 3408 400 -1
3 3440 400 -1
3 3472 400 -1
3 3504 400 -1
3 3536 400 -1
3 3568 400 -1
3 3600 400 -1
3 3632 400 -1
3 3664 400 -1
3 3696 400 -1
3 3728 400 -1
3 3760 400 -1
3 3792 400 -1
3 3824 400 -1
3 3856 400 -1
3 3888 400 -1
3 3920 400 -1
3 3952 400 -1
3 3920 144 -1
3 3920 80 -1
3 3952 80 -1
3 3952 112 -1
3 3952 144 -1
3 3920 112 -1
9 3712 96 -1
27 3713 152 -1
25 3632 80 -1
3 3984 400 -1
3 4016 400 -1
3 4048 400 -1
3 4080 400 -1
3 4112 400 -1
3 4144 400 -1
3 4176 400 -1
3 4208 400 -1
3 4240 400 -1
3 4272 400 -1
3 4304 400 -1
3 4336 400 -1
3 4368 400 -1
3 4400 400 -1
5 4272 80 -1
5 4304 80 -1
5 4336 80 -1
5 4304 112 -1
5 4368 112 -1
5 4336 144 -1
5 4368 144 -1
5 4368 176 -1
5 4400 176 -1
5 4400 144 -1
5 4400 112 -1
5 4368 80 -1
5 4336 112 -1
5 4400 80 -1
25 4336 176 -1
25 4385 206 -1
25 528 80 -1
25 560 112 -1
25 944 80 -1
8 4520 59 -1
8 4520 248 -1
3 4656 208 -1
3 4688 208 -1
3 4720 208 -1
3 4752 208 -1
3 4784 208 -1
18 4816 208 -1
30 4688 89 -1
8 4999 71 -1
8 4999 327 -1
3 5168 400 -1
3 5200 400 -1
3 5232 400 -1
3 5264 400 -1
3 5296 400 -1
3 5328 400 -1
3 5360 400 -1
3 5136 144 -1
3 5168 144 -1
3 5200 144 -1
3 5232 144 -1
3 5232 112 -1
3 5200 112 -1
3 5168 112 -1
3 5136 112 -1
3 5136 80 -1
3 5168 80 -1
3 5200 80 -1
3 5232 80 -1
3 5264 80 -1
3 5264 112 -1
3 5264 144 -1
3 5296 144 -1
3 5296 112 -1
3 5296 80 -1
3 5328 80 -1
3 5328 112 -1
3 5328 144 -1
3 5360 144 -1
3 5360 112 -1
3 5360 80 -1
3 5392 112 -1
3 5392 144 -1
3 5424 144 -1
3 5424 112 -1
3 5424 80 -1
3 5392 80 -1
3 5456 400 -1
3 5456 368 -1
3 5456 336 -1
3 5456 304 -1
3 5456 272 -1
3 5456 240 -1
3 5456 208 -1
3 5456 176 -1
3 5456 144 -1
3 5456 112 -1
3 5456 80 -1
3 5488 80 -1
3 5488 112 -1
3 5488 144 -1
3 5488 176 -1
3 5488 208 -1
3 5488 240 -1
3 5488 272 -1
3 5488 304 -1
3 5488 336 -1
3 5488 368 -1
3 5488 400 -1
3 5520 400 -1
3 5520 368 -1
3 5520 336 -1
3 5520 304 -1
3 5520 272 -1
3 5520 240 -1
3 5520 208 -1
3 5520 176 -1
3 5520 144 -1
3 5520 112 -1
3 5520 80 -1
3 5552 80 -1
3 5552 112 -1
3 5584 80 -1
3 5584 112 -1
3 5616 112 -1
3 5616 80 -1
3 5648 80 -1
3 5648 112 -1
3 5648 144 -1
3 5616 144 -1
3 5584 144 -1
3 5552 144 -1
3 5552 176 -1
3 5584 176 -1
3 5616 176 -1
3 5648 176 -1
3 5648 208 -1
3 5616 208 -1
3 5584 208 -1
3 5552 208 -1
3 5552 240 -1
3 5584 240 -1
3 5616 240 -1
3 5648 240 -1
3 5648 272 -1
3 5616 272 -1
3 5584 272 -1
3 5552 272 -1
3 5584 304 -1
3 5616 304 -1
3 5648 304 -1
3 5552 336 -1
3 5616 336 -1
3 5648 336 -1
3 5648 368 -1
3 5616 368 -1
3 5584 368 -1
3 5552 368 -1
3 5552 400 -1
3 5616 400 -1
3 5648 400 -1
3 5552 304 -1
3 5584 336 -1
3 5584 400 -1
3 5680 400 -1
3 5712 400 -1
3 5744 400 -1
3 5776 400 -1
3 5808 400 -1
3 5872 400 -1
3 5904 400 -1
3 5936 400 -1
3 5968 400 -1
3 5840 400 -1
13 5410 287 -1
12 5362 192 -1
10 5730 112 -1
10 5859 112 -1
10 5986 112 -1
3 6096 400 -1
3 6128 400 -1
3 6128 368 -1
3 6096 368 -1
3 6096 336 -1
3 6128 336 -1
3 6128 304 -1
3 6096 304 -1
3 6096 272 -1
3 6128 272 -1
3 6128 240 -1
3 6096 240 -1
3 6096 208 -1
3 6128 208 -1
3 6128 176 -1
3 6096 176 -1
3 6128 144 -1
3 6096 144 -1
3 6128 112 -1
3 6096 112 -1
3 6096 80 -1
3 6128 80 -1
