1 3120 3120 6240 6240 2
1 3248 56 1184 16 -1
3 3120 400 32 32 -1
11 1560 4680 3120 3120 0
12 4680 4680 3120 3120 0
13 1560 1560 3120 3120 2
1 1280 56 2560 16 -1
3 1552 400 32 32 -1
131 780 2340 1560 1560 0
132 2340 2340 1560 1560 0
133 780 780 1560 1560 1
3 784 400 32 32 -1
1331 390 1170 780 780 0
1332 1170 1170 780 780 0
1333 390 390 780 780 20
3 16 400 32 32 -1
3 208 400 32 32 -1
3 240 400 32 32 -1
3 272 400 32 32 -1
3 304 400 32 32 -1
3 336 400 32 32 -1
3 368 400 32 32 -1
3 400 400 32 32 -1
3 432 400 32 32 -1
3 464 400 32 32 -1
3 496 400 32 32 -1
3 528 400 32 32 -1
3 560 400 32 32 -1
3 592 400 32 32 -1
3 624 400 32 32 -1
3 656 400 32 32 -1
3 688 400 32 32 -1
3 720 400 32 32 -1
3 752 400 32 32 -1
6 400 176 32 32 -1
13331 195 585 390 390 0
13332 585 585 390 390 0
13333 195 195 390 390 12
3 16 368 32 32 -1
3 16 336 32 32 -1
3 16 304 32 32 -1
3 16 272 32 32 -1
3 16 240 32 32 -1
3 16 208 32 32 -1
3 16 176 32 32 -1
3 16 144 32 32 -1
3 16 112 32 32 -1
3 16 80 32 32 -1
16 336 176 32 32 -1
6 368 176 32 32 -1
13334 585 195 390 390 14
6 432 176 32 32 -1
6 464 176 32 32 -1
5 560 80 32 32 -1
5 624 80 32 32 -1
5 624 112 32 32 -1
5 688 80 32 32 -1
5 688 112 32 32 -1
5 688 144 32 32 -1
5 752 176 32 32 -1
5 752 144 32 32 -1
5 752 112 32 32 -1
5 752 80 32 32 -1
25 528 80 32 32 -1
25 560 112 32 32 -1
1334 1170 390 780 780 23
3 816 400 32 32 -1
3 848 400 32 32 -1
3 880 400 32 32 -1
3 912 400 32 32 -1
3 944 400 32 32 -1
3 976 400 32 32 -1
3 1008 400 32 32 -1
3 1040 400 32 32 -1
3 1072 400 32 32 -1
3 1104 400 32 32 -1
3 1136 400 32 32 -1
3 1168 400 32 32 -1
3 1200 400 32 32 -1
3 1232 400 32 32 -1
3 1264 400 32 32 -1
3 1296 400 32 32 -1
3 1328 400 32 32 -1
3 1360 400 32 32 -1
3 1392 400 32 32 -1
3 1424 400 32 32 -1
3 1456 400 32 32 -1
3 1520 400 32 32 -1
3 1488 400 32 32 -1
13341 975 585 390 390 0
13342 1365 585 390 390 0
13343 975 195 390 390 14
21 944 208 32 32 -1
5 816 80 32 32 -1
5 816 112 32 32 -1
5 816 144 32 32 -1
5 816 176 32 32 -1
5 880 144 32 32 -1
5 880 112 32 32 -1
5 880 80 32 32 -1
5 1008 80 32 32 -1
5 1008 144 32 32 -1
5 1072 80 32 32 -1
5 1072 112 32 32 -1
5 1008 112 32 32 -1
25 944 80 32 32 -1
13344 1365 195 390 390 24
3 1264 240 32 32 -1
3 1264 208 32 32 -1
3 1264 176 32 32 -1
3 1296 176 32 32 -1
3 1328 176 32 32 -1
3 1328 208 32 32 -1
3 1328 240 32 32 -1
3 1360 240 32 32 -1
3 1392 240 32 32 -1
3 1424 240 32 32 -1
3 1424 208 32 32 -1
3 1424 176 32 32 -1
3 1456 176 32 32 -1
3 1488 208 32 32 -1
23 1488 240 32 32 -1
15 1296 207 20 28 -1
15 1457 208 20 28 -1
15 1328 302 20 28 -1
15 1361 302 20 28 -1
15 1394 302 20 28 -1
15 1424 303 20 28 -1
3 1488 176 32 32 -1
29 1424 93 32 46 -1
29 1482 92 32 46 -1
134 2340 780 1560 1560 7
3 2352 400 32 32 -1
3 2352 176 32 32 -1
3 2352 240 32 32 -1
3 2352 272 32 32 -1
3 2352 304 32 32 -1
21 2352 208 32 32 -1
25 2352 336 32 32 -1
1341 1950 1170 780 780 0
1342 2730 1170 780 780 0
1343 1950 390 780 780 27
3 1584 400 32 32 -1
3 1616 400 32 32 -1
3 1648 400 32 32 -1
3 1680 400 32 32 -1
3 1712 400 32 32 -1
3 1744 400 32 32 -1
3 1776 400 32 32 -1
3 1808 400 32 32 -1
3 1840 400 32 32 -1
3 1872 400 32 32 -1
3 1904 400 32 32 -1
3 1936 400 32 32 -1
3 1968 400 32 32 -1
3 1936 368 32 32 -1
3 1936 336 32 32 -1
3 2000 400 32 32 -1
3 2032 400 32 32 -1
3 1936 176 32 32 -1
3 2064 400 32 32 -1
3 2096 400 32 32 -1
3 2128 400 32 32 -1
3 2160 400 32 32 -1
3 2192 400 32 32 -1
3 2224 400 32 32 -1
3 2256 400 32 32 -1
3 2288 400 32 32 -1
3 2320 400 32 32 -1
13431 1755 585 390 390 0
13432 2145 585 390 390 0
13433 1755 195 390 390 30
3 1744 368 32 32 -1
3 1776 368 32 32 -1
3 1776 336 32 32 -1
3 1744 336 32 32 -1
3 1680 304 32 32 -1
3 1712 272 32 32 -1
3 1680 240 32 32 -1
3 1680 272 32 32 -1
3 1712 304 32 32 -1
3 1712 240 32 32 -1
3 1712 208 32 32 -1
3 1680 208 32 32 -1
3 1680 176 32 32 -1
3 1744 176 32 32 -1
3 1776 176 32 32 -1
3 1776 144 32 32 -1
3 1744 144 32 32 -1
3 1744 112 32 32 -1
3 1776 112 32 32 -1
3 1712 176 32 32 -1
3 1872 368 32 32 -1
3 1872 336 32 32 -1
3 1904 336 32 32 -1
3 1904 368 32 32 -1
3 1904 176 32 32 -1
3 1872 176 32 32 -1
15 1874 208 20 28 -1
15 1904 208 20 28 -1
15 1936 209 20 28 -1
29 1905 87 32 46 -1
13434 2145 195 390 390 42
3 1968 336 32 32 -1
3 1968 368 32 32 -1
3 2032 368 32 32 -1
3 2000 368 32 32 -1
3 2000 336 32 32 -1
3 2032 336 32 32 -1
3 2032 304 32 32 -1
3 2000 304 32 32 -1
3 2032 272 32 32 -1
3 2000 272 32 32 -1
3 2000 240 32 32 -1
3 2000 208 32 32 -1
3 2000 176 32 32 -1
3 1968 176 32 32 -1
3 2032 176 32 32 -1
3 2032 208 32 32 -1
3 2032 240 32 32 -1
15 1969 210 20 28 -1
25 2000 80 32 32 -1
25 2064 80 32 32 -1
3 2224 368 32 32 -1
3 2224 336 32 32 -1
3 2192 336 32 32 -1
3 2192 368 32 32 -1
3 2160 368 32 32 -1
3 2160 336 32 32 -1
3 2128 336 32 32 -1
3 2128 368 32 32 -1
3 2160 304 32 32 -1
3 2160 272 32 32 -1
3 2160 240 32 32 -1
3 2160 208 32 32 -1
3 2160 176 32 32 -1
3 2192 176 32 32 -1
3 2224 176 32 32 -1
18 2224 208 32 32 -1
15 2193 209 20 28 -1
3 2320 304 32 32 -1
3 2320 272 32 32 -1
3 2320 240 32 32 -1
3 2320 208 32 32 -1
3 2320 176 32 32 -1
1344 2730 390 780 780 26
3 2384 400 32 32 -1
3 2416 400 32 32 -1
3 2448 400 32 32 -1
3 2480 400 32 32 -1
3 2512 400 32 32 -1
3 2544 400 32 32 -1
3 2576 400 32 32 -1
3 2608 400 32 32 -1
3 2640 400 32 32 -1
3 2672 400 32 32 -1
3 2704 400 32 32 -1
3 2736 400 32 32 -1
3 2768 400 32 32 -1
3 2800 400 32 32 -1
3 2832 400 32 32 -1
19 2864 400 32 32 -1
3 2736 240 32 32 -1
3 2736 208 32 32 -1
3 2896 400 32 32 -1
3 2928 400 32 32 -1
3 2960 400 32 32 -1
3 2992 400 32 32 -1
3 3024 400 32 32 -1
3 3056 400 32 32 -1
3 3088 400 32 32 -1
15 2734 304 20 28 -1
13441 2535 585 390 390 0
13442 2925 585 390 390 0
13443 2535 195 390 390 19
1 2552 32 16 64 -1
1 2664 32 16 64 -1
3 2512 368 32 32 -1
3 2448 368 32 32 -1
3 2448 336 32 32 -1
3 2512 336 32 32 -1
3 2544 336 32 32 -1
3 2480 368 32 32 -1
3 2480 336 32 32 -1
3 2544 368 32 32 -1
3 2448 176 32 32 -1
3 2512 176 32 32 -1
3 2544 176 32 32 -1
3 2480 176 32 32 -1
25 2448 208 32 32 -1
25 2501 208 32 32 -1
3 2704 240 32 32 -1
3 2704 208 32 32 -1
15 2704 304 20 28 -1
13444 2925 195 390 390 12
3 2768 208 32 32 -1
3 2768 240 32 32 -1
3 2800 240 32 32 -1
3 2800 208 32 32 -1
3 2832 208 32 32 -1
3 2832 240 32 32 -1
3 2864 240 32 32 -1
3 2864 208 32 32 -1
15 2768 303 20 28 -1
15 2801 301 20 28 -1
15 2833 302 20 28 -1
15 2863 302 20 28 -1
14 4680 1560 3120 3120 3
1 4768 56 256 16 -1
3 4688 208 32 32 -1
30 4688 89 32 46 -1
141 3900 2340 1560 1560 0
142 5460 2340 1560 1560 0
143 3900 780 1560 1560 1
3 3888 400 32 32 -1
1431 3510 1170 780 780 0
1432 4290 1170 780 780 0
1433 3510 390 780 780 25
3 3152 400 32 32 -1
3 3184 400 32 32 -1
3 3216 400 32 32 -1
3 3248 400 32 32 -1
3 3280 400 32 32 -1
3 3312 400 32 32 -1
11 3522 129 64 128 -1
27 3520 214 32 46 -1
3 3344 400 32 32 -1
3 3376 400 32 32 -1
3 3408 400 32 32 -1
3 3440 400 32 32 -1
3 3472 400 32 32 -1
3 3504 400 32 32 -1
3 3536 400 32 32 -1
3 3568 400 32 32 -1
3 3600 400 32 32 -1
3 3632 400 32 32 -1
3 3664 400 32 32 -1
3 3696 400 32 32 -1
3 3728 400 32 32 -1
3 3760 400 32 32 -1
3 3792 400 32 32 -1
3 3824 400 32 32 -1
3 3856 400 32 32 -1
14331 3315 585 390 390 0
14332 3705 585 390 390 0
14333 3315 195 390 390 5
25 3184 80 32 32 -1
25 3232 81 32 32 -1
25 3280 80 32 32 -1
10 3329 111 64 96 h1_2
27 3328 181 32 46 -1
14334 3705 195 390 390 4
1 3832 32 16 64 -1
9 3712 96 64 64 -1
27 3713 152 32 46 -1
25 3632 80 32 32 -1
1434 4290 390 780 780 19
1 4224 56 384 16 -1
3 3920 400 32 32 -1
3 3952 400 32 32 -1
3 3984 400 32 32 -1
3 4016 400 32 32 -1
3 4048 400 32 32 -1
3 4080 400 32 32 -1
3 4112 400 32 32 -1
3 4144 400 32 32 -1
3 4176 400 32 32 -1
3 4208 400 32 32 -1
3 4240 400 32 32 -1
3 4272 400 32 32 -1
3 4304 400 32 32 -1
3 4336 400 32 32 -1
3 4368 400 32 32 -1
3 4400 400 32 32 -1
5 4304 80 32 32 -1
5 4304 112 32 32 -1
14341 4095 585 390 390 0
14342 4485 585 390 390 0
14343 4095 195 390 390 11
1 3936 56 64 16 -1
1 3912 32 16 64 -1
1 3960 32 16 64 -1
1 4040 32 16 64 -1
3 3920 144 32 32 -1
3 3920 80 32 32 -1
3 3952 80 32 32 -1
3 3952 112 32 32 -1
3 3952 144 32 32 -1
3 3920 112 32 32 -1
5 4272 80 32 32 -1
14344 4485 195 390 390 18
1 4408 32 16 64 -1
1 4648 32 16 64 -1
5 4336 80 32 32 -1
5 4368 112 32 32 -1
5 4336 144 32 32 -1
5 4368 144 32 32 -1
5 4368 176 32 32 -1
5 4400 176 32 32 -1
5 4400 144 32 32 -1
5 4400 112 32 32 -1
5 4368 80 32 32 -1
5 4336 112 32 32 -1
5 4400 80 32 32 -1
25 4336 176 32 32 -1
25 4385 206 32 32 -1
8 4520 59 96 16 down
8 4520 248 96 16 down
3 4656 208 32 32 -1
144 5460 780 1560 1560 12
1 5632 56 1024 16 -1
3 5456 400 32 32 -1
3 5456 368 32 32 -1
3 5456 336 32 32 -1
3 5456 304 32 32 -1
3 5456 272 32 32 -1
3 5456 240 32 32 -1
3 5456 208 32 32 -1
3 5456 176 32 32 -1
3 5456 144 32 32 -1
3 5456 112 32 32 -1
3 5456 80 32 32 -1
1441 5070 1170 780 780 0
1442 5850 1170 780 780 0
1443 5070 390 780 780 8
3 5168 400 32 32 -1
3 5200 400 32 32 -1
3 5232 400 32 32 -1
3 5264 400 32 32 -1
3 5296 400 32 32 -1
3 5328 400 32 32 -1
3 5360 400 32 32 -1
13 5410 287 64 256 -1
14431 4875 585 390 390 0
14432 5265 585 390 390 0
14433 4875 195 390 390 7
1 4888 32 16 64 -1
3 4720 208 32 32 -1
3 4752 208 32 32 -1
3 4784 208 32 32 -1
18 4816 208 32 32 -1
8 4999 71 96 16 up
8 4999 327 96 16 up
14434 5265 195 390 390 32
1 5128 32 16 64 -1
3 5136 144 32 32 -1
3 5168 144 32 32 -1
3 5200 144 32 32 -1
3 5232 144 32 32 -1
3 5232 112 32 32 -1
3 5200 112 32 32 -1
3 5168 112 32 32 -1
3 5136 112 32 32 -1
3 5136 80 32 32 -1
3 5168 80 32 32 -1
3 5200 80 32 32 -1
3 5232 80 32 32 -1
3 5264 80 32 32 -1
3 5264 112 32 32 -1
3 5264 144 32 32 -1
3 5296 144 32 32 -1
3 5296 112 32 32 -1
3 5296 80 32 32 -1
3 5328 80 32 32 -1
3 5328 112 32 32 -1
3 5328 144 32 32 -1
3 5360 144 32 32 -1
3 5360 112 32 32 -1
3 5360 80 32 32 -1
3 5392 112 32 32 -1
3 5392 144 32 32 -1
3 5424 144 32 32 -1
3 5424 112 32 32 -1
3 5424 80 32 32 -1
3 5392 80 32 32 -1
12 5362 192 96 64 r1_2
1444 5850 390 780 780 19
3 5488 400 32 32 -1
3 5520 400 32 32 -1
3 5552 400 32 32 -1
3 5616 400 32 32 -1
3 5648 400 32 32 -1
3 5584 400 32 32 -1
3 5680 400 32 32 -1
3 5712 400 32 32 -1
3 5744 400 32 32 -1
3 5776 400 32 32 -1
3 5808 400 32 32 -1
3 5872 400 32 32 -1
3 5904 400 32 32 -1
3 5936 400 32 32 -1
3 5968 400 32 32 -1
3 5840 400 32 32 -1
10 5859 112 64 96 -1
3 6096 400 32 32 -1
3 6128 400 32 32 -1
14441 5655 585 390 390 0
14442 6045 585 390 390 0
14443 5655 195 390 390 61
3 5488 80 32 32 -1
3 5488 112 32 32 -1
3 5488 144 32 32 -1
3 5488 176 32 32 -1
3 5488 208 32 32 -1
3 5488 240 32 32 -1
3 5488 272 32 32 -1
3 5488 304 32 32 -1
3 5488 336 32 32 -1
3 5488 368 32 32 -1
3 5520 368 32 32 -1
3 5520 336 32 32 -1
3 5520 304 32 32 -1
3 5520 272 32 32 -1
3 5520 240 32 32 -1
3 5520 208 32 32 -1
3 5520 176 32 32 -1
3 5520 144 32 32 -1
3 5520 112 32 32 -1
3 5520 80 32 32 -1
3 5552 80 32 32 -1
3 5552 112 32 32 -1
3 5584 80 32 32 -1
3 5584 112 32 32 -1
3 5616 112 32 32 -1
3 5616 80 32 32 -1
3 5648 80 32 32 -1
3 5648 112 32 32 -1
3 5648 144 32 32 -1
3 5616 144 32 32 -1
3 5584 144 32 32 -1
3 5552 144 32 32 -1
3 5552 176 32 32 -1
3 5584 176 32 32 -1
3 5616 176 32 32 -1
3 5648 176 32 32 -1
3 5648 208 32 32 -1
3 5616 208 32 32 -1
3 5584 208 32 32 -1
3 5552 208 32 32 -1
3 5552 240 32 32 -1
3 5584 240 32 32 -1
3 5616 240 32 32 -1
3 5648 240 32 32 -1
3 5648 272 32 32 -1
3 5616 272 32 32 -1
3 5584 272 32 32 -1
3 5552 272 32 32 -1
3 5584 304 32 32 -1
3 5616 304 32 32 -1
3 5648 304 32 32 -1
3 5552 336 32 32 -1
3 5616 336 32 32 -1
3 5648 336 32 32 -1
3 5648 368 32 32 -1
3 5616 368 32 32 -1
3 5584 368 32 32 -1
3 5552 368 32 32 -1
3 5552 304 32 32 -1
3 5584 336 32 32 -1
10 5730 112 64 96 -1
14444 6045 195 390 390 21
10 5986 112 64 96 -1
3 6128 368 32 32 -1
3 6096 368 32 32 -1
3 6096 336 32 32 -1
3 6128 336 32 32 -1
3 6128 304 32 32 -1
3 6096 304 32 32 -1
3 6096 272 32 32 -1
3 6128 272 32 32 -1
3 6128 240 32 32 -1
3 6096 240 32 32 -1
3 6096 208 32 32 -1
3 6128 208 32 32 -1
3 6128 176 32 32 -1
3 6096 176 32 32 -1
3 6128 144 32 32 -1
3 6096 144 32 32 -1
3 6128 112 32 32 -1
3 6096 112 32 32 -1
3 6096 80 32 32 -1
3 6128 80 32 32 -1
