1 672 56 1344 16 -1
4 176 80 32 32 -1
4 208 80 32 32 -1
4 208 112 32 32 -1
4 240 112 32 32 -1
4 240 80 32 32 -1
4 272 80 32 32 -1
4 272 112 32 32 -1
4 272 144 32 32 -1
4 240 144 32 32 -1
4 272 176 32 32 -1
4 304 208 32 32 -1
4 304 176 32 32 -1
4 304 144 32 32 -1
4 304 112 32 32 -1
4 304 80 32 32 -1
4 338 80 32 32 -1
4 336 112 32 32 -1
4 368 80 32 32 -1
4 368 112 32 32 -1
4 336 144 32 32 -1
4 336 176 32 32 -1
4 336 208 32 32 -1
4 336 240 32 32 -1
4 368 272 32 32 -1
4 368 240 32 32 -1
4 368 208 32 32 -1
4 368 176 32 32 -1
4 400 176 32 32 -1
4 400 144 32 32 -1
4 400 80 32 32 -1
4 400 112 32 32 -1
4 432 80 32 32 -1
4 432 112 32 32 -1
4 432 144 32 32 -1
4 432 176 32 32 -1
4 432 208 32 32 -1
4 400 208 32 32 -1
4 400 240 32 32 -1
4 432 240 32 32 -1
4 432 272 32 32 -1
4 432 304 32 32 -1
4 400 304 32 32 -1
4 400 272 32 32 -1
4 720 80 32 32 -1
7 709 247 40 304 -1
4 368 144 32 32 -1
9 130 95 64 64 -1
26 129 150 32 46 -1
