1 272 56 544
3 16 400 -1
3 16 368 -1
3 16 336 -1
3 16 304 -1
3 16 272 -1
3 16 240 -1
3 16 176 -1
3 16 208 -1
3 16 144 -1
3 16 112 -1
3 16 80 -1
3 112 400 -1
3 112 368 -1
3 112 336 -1
3 112 304 -1
3 144 304 -1
3 144 336 -1
3 144 400 -1
3 176 304 -1
3 176 368 -1
3 176 400 -1
3 208 400 -1
3 208 368 -1
3 208 336 -1
3 208 304 -1
3 240 368 -1
3 240 336 -1
3 239 401 -1
3 272 400 -1
3 272 336 -1
3 144 368 -1
3 176 336 -1
3 240 304 -1
3 272 304 -1
3 272 368 -1
3 304 368 -1
3 304 400 -1
3 304 336 -1
3 304 304 -1
3 336 304 -1
3 336 336 -1
3 336 400 -1
3 368 400 -1
3 368 368 -1
3 368 336 -1
3 368 304 -1
3 400 304 -1
3 400 336 -1
3 400 368 -1
3 400 400 -1
3 432 400 -1
3 464 368 -1
3 432 368 -1
3 464 400 -1
3 464 336 -1
3 432 336 -1
3 432 304 -1
3 464 304 -1
3 464 272 -1
3 432 272 -1
3 432 240 -1
3 464 240 -1
3 464 208 -1
3 432 208 -1
3 432 176 -1
3 464 176 -1
3 464 144 -1
3 432 144 -1
3 368 176 -1
3 112 176 -1
3 144 176 -1
3 176 176 -1
3 208 176 -1
3 240 176 -1
3 272 176 -1
3 304 176 -1
3 336 176 -1
3 336 368 -1
21 400 176 -1
15 141 210 -1
15 174 210 -1
15 208 210 -1
15 241 210 -1
15 275 210 -1
15 305 210 -1
15 337 210 -1
15 371 208 -1
15 110 79 -1
15 145 77 -1
15 174 79 -1
15 206 77 -1
15 240 79 -1
15 272 78 -1
15 304 79 -1
15 334 80 -1
15 369 79 -1
14 513 239 -1
12 465 95 m1_2
