1 256 56 512
1 640 88 128
1 896 184 256
1 912 312 160
1 1072 88 96
1 1200 216 160
1 1392 344 224
1 1664 56 128
1 1968 56 160
1 1984 312 128
1 2160 56 160
1 2288 184 96
1 2528 280 192
1 3200 120 128
1 3456 248 256
1 3664 56 96
1 3776 184 128
1 3968 184 128
1 4872 56 1488
4 4432 80 -1
4 4432 112 -1
4 4432 144 -1
4 4432 176 -1
4 4464 80 -1
4 4464 112 -1
4 4464 144 -1
4 4496 80 -1
4 4496 112 -1
4 4496 144 -1
4 4464 176 -1
4 4496 176 -1
4 4496 208 -1
4 4496 240 -1
4 4528 240 -1
4 4528 208 -1
4 4528 176 -1
4 4528 144 -1
4 4528 112 -1
4 4528 80 -1
4 4592 112 -1
4 4560 80 -1
4 4592 80 -1
4 4560 112 -1
4 4560 144 -1
4 4592 144 -1
4 4592 176 -1
4 4560 272 -1
4 4592 272 -1
4 4592 304 -1
4 4560 304 -1
4 4560 176 -1
4 4560 208 -1
4 4592 240 -1
4 4560 240 -1
4 4880 80 -1
4 4592 208 -1
6 1904 144 -1
8 1808 24 vertical
8 2704 216 horizontal
8 2960 184 horizontal
8 4144 280 horizontal
