1 2880 2880 5760 5760 0
11 1440 4320 2880 2880 0
12 4320 4320 2880 2880 0
13 1440 1440 2880 2880 1
1 1392 344 224 16 -1
131 720 2160 1440 1440 0
132 2160 2160 1440 1440 0
133 720 720 1440 1440 0
1331 360 1080 720 720 0
1332 1080 1080 720 720 0
1333 360 360 720 720 1
1 256 56 512 16 -1
13331 180 540 360 360 0
13332 540 540 360 360 0
13333 180 180 360 360 0
13334 540 180 360 360 1
1 640 88 128 16 -1
1334 1080 360 720 720 1
1 1072 88 96 16 -1
13341 900 540 360 360 0
13342 1260 540 360 360 0
13343 900 180 360 360 2
1 896 184 256 16 -1
1 912 312 160 16 -1
13344 1260 180 360 360 1
1 1200 216 160 16 -1
134 2160 720 1440 1440 1
1 2160 56 160 16 -1
1341 1800 1080 720 720 0
1342 2520 1080 720 720 0
1343 1800 360 720 720 1
8 1808 24 96 16 vertical
13431 1620 540 360 360 0
13432 1980 540 360 360 0
13433 1620 180 360 360 1
1 1664 56 128 16 -1
13434 1980 180 360 360 3
1 1968 56 160 16 -1
1 1984 312 128 16 -1
6 1904 144 32 32 -1
1344 2520 360 720 720 1
1 2528 280 192 16 -1
13441 2340 540 360 360 0
13442 2700 540 360 360 0
13443 2340 180 360 360 1
1 2288 184 96 16 -1
13444 2700 180 360 360 1
8 2704 216 96 16 horizontal
14 4320 1440 2880 2880 1
1 4872 56 1488 16 -1
141 3600 2160 1440 1440 0
142 5040 2160 1440 1440 0
143 3600 720 1440 1440 0
1431 3240 1080 720 720 0
1432 3960 1080 720 720 0
1433 3240 360 720 720 1
1 3200 120 128 16 -1
14331 3060 540 360 360 0
14332 3420 540 360 360 0
14333 3060 180 360 360 1
8 2960 184 96 16 horizontal
14334 3420 180 360 360 1
1 3456 248 256 16 -1
1434 3960 360 720 720 1
1 3968 184 128 16 -1
14341 3780 540 360 360 0
14342 4140 540 360 360 0
14343 3780 180 360 360 2
1 3664 56 96 16 -1
1 3776 184 128 16 -1
14344 4140 180 360 360 1
8 4144 280 96 16 horizontal
144 5040 720 1440 1440 0
1441 4680 1080 720 720 0
1442 5400 1080 720 720 0
1443 4680 360 720 720 0
14431 4500 540 360 360 0
14432 4860 540 360 360 0
14433 4500 180 360 360 36
4 4432 80 32 32 -1
4 4432 112 32 32 -1
4 4432 144 32 32 -1
4 4432 176 32 32 -1
4 4464 80 32 32 -1
4 4464 112 32 32 -1
4 4464 144 32 32 -1
4 4496 80 32 32 -1
4 4496 112 32 32 -1
4 4496 144 32 32 -1
4 4464 176 32 32 -1
4 4496 176 32 32 -1
4 4496 208 32 32 -1
4 4496 240 32 32 -1
4 4528 240 32 32 -1
4 4528 208 32 32 -1
4 4528 176 32 32 -1
4 4528 144 32 32 -1
4 4528 112 32 32 -1
4 4528 80 32 32 -1
4 4592 112 32 32 -1
4 4560 80 32 32 -1
4 4592 80 32 32 -1
4 4560 112 32 32 -1
4 4560 144 32 32 -1
4 4592 144 32 32 -1
4 4592 176 32 32 -1
4 4560 272 32 32 -1
4 4592 272 32 32 -1
4 4592 304 32 32 -1
4 4560 304 32 32 -1
4 4560 176 32 32 -1
4 4560 208 32 32 -1
4 4592 240 32 32 -1
4 4560 240 32 32 -1
4 4592 208 32 32 -1
14434 4860 180 360 360 1
4 4880 80 32 32 -1
1444 5400 360 720 720 0
