1 48 248 96 16 -1
1 112 216 32 16 -1
1 144 184 32 16 -1
1 288 152 256 16 -1
1 408 88 16 144 -1
1 488 88 16 144 -1
1 384 336 768 32 -1
1 752 304 32 32 -1
1 656 152 352 16 -1
1 824 88 16 144 -1
1 944 88 32 144 -1
1 1008 88 32 144 -1
1 976 112 32 32 -1
1 760 384 16 64 -1
1 976 400 416 32 -1
1 1192 352 16 128 -1
1 1744 304 1120 32 -1
1 1712 184 1184 16 -1
1 1128 104 16 176 -1
1 2296 368 16 96 -1
1 2816 152 1024 16 -1
1 2576 368 32 32 -1
1 2832 368 32 32 -1
1 2704 400 800 32 -1
1 3112 376 16 80 -1
1 3216 336 224 32 -1
1 3320 376 16 80 -1
1 3632 400 608 32 -1
1 3320 104 16 112 -1
1 3520 56 384 16 -1
1 3720 112 16 96 -1
1 3776 152 128 16 -1
1 3832 112 16 96 -1
1 3896 56 112 16 -1
1 3944 112 16 96 -1
1 4016 152 160 16 -1
1 3944 368 16 96 -1
1 4016 344 160 48 -1
1 4088 88 16 144 -1
1 4520 104 16 176 -1
1 4088 376 16 80 -1
1 4320 400 448 32 -1
1 4560 184 96 16 -1
1 4592 128 32 128 -1
1 4848 56 512 16 -1
1 4576 352 64 128 -1
1 4856 400 496 32 -1
40 4304 143 416 32 -1
35 4539 207 32 32 -1
37 4355 191 64 64 -1
33 4367 278 64 16 horizontal	
36 4088 214 48 16 -1
36 3687 183 48 16 -1
34 3504 176 32 32 -1
34 3600 176 32 32 -1
34 3408 176 32 32 -1
34 3440 304 32 32 -1
34 3536 304 32 32 -1
34 3632 304 32 32 -1
32 2960 176 32 32 -1
32 2576 336 32 32 -1
32 1200 272 32 32 -1
32 752 272 32 32 -1
16 976 272 32 32 -1
36 3281 213 48 16 -1
39 4496 176 32 32 -1
32 976 144 32 32 330
42 1585 230 16 96 330
42 1939 230 16 96 330
42 2163 232 16 96 330
42 2450 131 16 96 330
42 2707 133 16 96 330
42 2835 295 16 96 210
43 4914 88 32 46 -1
