1 2640 2640 5280 5280 2
1 2816 152 1024 16 -1
1 2704 400 800 32 -1
11 1320 3960 2640 2640 0
12 3960 3960 2640 2640 0
13 1320 1320 2640 2640 2
1 1712 184 1184 16 -1
1 1744 304 1120 32 -1
131 660 1980 1320 1320 0
132 1980 1980 1320 1320 0
133 660 660 1320 1320 2
1 384 336 768 32 -1
1 656 152 352 16 -1
1331 330 990 660 660 0
1332 990 990 660 660 0
1333 330 330 660 660 1
1 288 152 256 16 -1
13331 165 495 330 330 0
13332 495 495 330 330 0
13333 165 165 330 330 3
1 48 248 96 16 -1
1 112 216 32 16 -1
1 144 184 32 16 -1
13334 495 165 330 330 2
1 408 88 16 144 -1
1 488 88 16 144 -1
1334 990 330 660 660 4
1 976 400 416 32 -1
1 976 112 32 32 -1
1 1192 352 16 128 -1
16 976 272 32 32 -1
13341 825 495 330 330 1
1 760 384 16 64 -1
13342 1155 495 330 330 0
13343 825 165 330 330 5
1 752 304 32 32 -1
1 824 88 16 144 -1
1 944 88 32 144 -1
32 752 272 32 32 -1
42 978 151 16 96 330
13344 1155 165 330 330 3
1 1008 88 32 144 -1
1 1128 104 16 176 -1
32 1200 272 32 32 -1
134 1980 660 1320 1320 0
1341 1650 990 660 660 0
1342 2310 990 660 660 0
1343 1650 330 660 660 0
13431 1485 495 330 330 0
13432 1815 495 330 330 0
13433 1485 165 330 330 1
42 1585 278 16 96 330
13434 1815 165 330 330 1
42 1939 278 16 96 330
1344 2310 330 660 660 2
1 2296 368 16 96 -1
32 2576 336 32 32 -1
13441 2145 495 330 330 0
13442 2475 495 330 330 1
1 2576 368 32 32 -1
13443 2145 165 330 330 1
42 2163 280 16 96 330
13444 2475 165 330 330 1
42 2450 179 16 96 330
14 3960 1320 2640 2640 2
1 4016 152 160 16 -1
1 4016 344 160 48 -1
141 3300 1980 1320 1320 0
142 4620 1980 1320 1320 0
143 3300 660 1320 1320 2
1 3216 336 224 32 -1
36 3281 213 48 16 -1
1431 2970 990 660 660 0
1432 3630 990 660 660 0
1433 2970 330 660 660 2
32 2960 176 32 32 -1
42 2835 343 16 96 210
14331 2805 495 330 330 1
1 2832 368 32 32 -1
14332 3135 495 330 330 1
1 3112 376 16 80 -1
14333 2805 165 330 330 1
42 2707 181 16 96 330
14334 3135 165 330 330 0
1434 3630 330 660 660 4
1 3520 56 384 16 -1
1 3632 400 608 32 -1
1 3944 368 16 96 -1
34 3632 304 32 32 -1
14341 3465 495 330 330 1
1 3320 376 16 80 -1
14342 3795 495 330 330 0
14343 3465 165 330 330 6
1 3320 104 16 112 -1
34 3408 176 32 32 -1
34 3440 304 32 32 -1
34 3504 176 32 32 -1
34 3536 304 32 32 -1
34 3600 176 32 32 -1
14344 3795 165 330 330 6
1 3720 112 16 96 -1
1 3776 152 128 16 -1
1 3832 112 16 96 -1
1 3896 56 112 16 -1
1 3944 112 16 96 -1
36 3687 183 48 16 -1
144 4620 660 1320 1320 2
1 4848 56 512 16 -1
1 4856 400 496 32 -1
1441 4290 990 660 660 0
1442 4950 990 660 660 0
1443 4290 330 660 660 3
1 4320 400 448 32 -1
1 4576 352 64 128 -1
40 4304 143 416 32 -1
14431 4125 495 330 330 1
1 4088 376 16 80 -1
14432 4455 495 330 330 0
14433 4125 165 330 330 2
1 4088 88 16 144 -1
36 4088 214 48 16 -1
14434 4455 165 330 330 7
1 4520 104 16 176 -1
1 4560 184 96 16 -1
1 4592 128 32 128 -1
37 4355 191 64 64 -1
33 4382 278 64 16 horizontal	
39 4496 176 32 32 -1
35 4528 208 32 32 -1
1444 4950 330 660 660 0
14441 4785 495 330 330 0
14442 5115 495 330 330 0
14443 4785 165 330 330 1
43 4914 88 32 46 -1
14444 5115 165 330 330 0
