1 480 480 960 960 11
1 272 56 544 16 -1
3 464 368 32 32 -1
3 464 400 32 32 -1
3 464 336 32 32 -1
3 464 304 32 32 -1
3 464 272 32 32 -1
3 464 240 32 32 -1
3 464 208 32 32 -1
3 464 176 32 32 -1
3 464 144 32 32 -1
12 465 95 96 64 -1
11 240 720 480 480 0
12 720 720 480 480 0
13 240 240 480 480 87
3 16 400 32 32 -1
3 16 368 32 32 -1
3 16 336 32 32 -1
3 16 304 32 32 -1
3 16 272 32 32 -1
3 16 240 32 32 -1
3 16 176 32 32 -1
3 16 208 32 32 -1
3 16 144 32 32 -1
3 16 112 32 32 -1
3 16 80 32 32 -1
3 112 400 32 32 -1
3 112 368 32 32 -1
3 112 336 32 32 -1
3 112 304 32 32 -1
3 144 304 32 32 -1
3 144 336 32 32 -1
3 144 400 32 32 -1
3 176 304 32 32 -1
3 176 368 32 32 -1
3 176 400 32 32 -1
3 208 400 32 32 -1
3 208 368 32 32 -1
3 208 336 32 32 -1
3 208 304 32 32 -1
3 240 368 32 32 -1
3 240 336 32 32 -1
3 239 401 32 32 -1
3 272 400 32 32 -1
3 272 336 32 32 -1
3 144 368 32 32 -1
3 176 336 32 32 -1
3 240 304 32 32 -1
3 272 304 32 32 -1
3 272 368 32 32 -1
3 304 368 32 32 -1
3 304 400 32 32 -1
3 304 336 32 32 -1
3 304 304 32 32 -1
3 336 304 32 32 -1
3 336 336 32 32 -1
3 336 400 32 32 -1
3 368 400 32 32 -1
3 368 368 32 32 -1
3 368 336 32 32 -1
3 368 304 32 32 -1
3 400 304 32 32 -1
3 400 336 32 32 -1
3 400 368 32 32 -1
3 400 400 32 32 -1
3 432 400 32 32 -1
3 432 368 32 32 -1
3 432 336 32 32 -1
3 432 304 32 32 -1
3 432 272 32 32 -1
3 432 240 32 32 -1
3 432 208 32 32 -1
3 432 176 32 32 -1
3 432 144 32 32 -1
3 368 176 32 32 -1
3 112 176 32 32 -1
3 144 176 32 32 -1
3 176 176 32 32 -1
3 208 176 32 32 -1
3 240 176 32 32 -1
3 272 176 32 32 -1
3 304 176 32 32 -1
3 336 176 32 32 -1
3 336 368 32 32 -1
21 400 176 32 32 -1
15 141 210 20 28 -1
15 174 210 20 28 -1
15 208 210 20 28 -1
15 241 210 20 28 -1
15 275 210 20 28 -1
15 305 210 20 28 -1
15 337 210 20 28 -1
15 371 208 20 28 -1
15 110 79 20 28 -1
15 145 77 20 28 -1
15 174 79 20 28 -1
15 206 77 20 28 -1
15 240 79 20 28 -1
15 272 78 20 28 -1
15 304 79 20 28 -1
15 334 80 20 28 -1
15 369 79 20 28 -1
14 720 240 480 480 1
14 513 239 64 352 -1
